id,cost
1,24.1839530444906
2,14.0775306801046
3,8.032049460752
4,6.01378803143455
5,4.81692017366605
6,4.56553711353257
7,4.40744609883132
8,4.36270506297057
9,21.3997683842419
10,11.8085618428963
11,6.03272181528933
12,4.12991684802924
13,2.9379857272029
14,2.61018401235611
15,2.48847603026307
16,2.44162692340168
17,26.7234193895214
18,16.143691754968
19,9.61206666134122
20,7.48045554542989
21,6.18022618959295
22,5.86755653509906
23,5.69399062994721
24,5.63664837393211
25,24.1839530444906
26,14.0775306801046
27,8.032049460752
28,6.01378803143455
29,4.81692017366605
30,4.56553711353257
31,4.40744609883132
32,4.36270506297057
33,22.1747283873959
34,12.4249677571169
35,6.57748985949333
36,4.63815341250557
37,3.42937039123848
38,3.12903934548496
39,3.02141548049434
40,2.97478154136729
41,15.2442840574486
42,47.2499766309203
43,61.3974585461033
44,26.7625920371518
45,16.3280093389551
46,9.90101577682484
47,7.82957552535974
48,6.56163338935624
49,6.23742822821277
50,6.09933455967468
51,6.01375526676025
52,44.5335041826712
53,29.2566784696627
54,19.2110838778441
55,12.8996297845362
56,11.1631363205339
57,43.8439467661107
58,38.7682840558413
59,17.8280925853055
60,11.8457943239636
61,13.4157870855096
62,6.21948483515506
63,26.7234193895214
64,16.143691754968
65,9.61206666134122
66,7.48045554542989
67,6.18022618959295
68,5.86755653509906
69,5.69399062994721
70,5.63664837393211
71,24.5723826648392
72,9.26039056765076
73,9.31504787140808
74,5.44265435597858
75,104.435887288209
76,22.6260297941708
77,12.7474339428441
78,6.72379638454855
79,4.74990282488053
80,3.51020060132022
81,3.22218849512528
82,3.12011612612803
83,3.04623188666699
84,27.9607258047635
85,28.7725584274354
86,20.9203317606821
87,19.6457378590281
88,16.4214511694782
89,24.5222585291227
90,13.9833305273991
91,7.59977034450347
92,5.50234241257195
93,4.19515569473415
94,3.86186715489693
95,3.73945024181551
96,3.65786273756978
97,8.6002829596137
98,24.9307754148603
99,14.5275044221937
100,8.07609013114248
101,6.03045160920204
102,4.68776836222145
103,4.44634185290089
104,4.30140865226344
105,4.2517046861084
106,24.5222585291227
107,13.9833305273991
108,7.59977034450347
109,5.50234241257195
110,4.19515569473415
111,3.86186715489693
112,3.73945024181551
113,3.65786273756978
114,5.85846362190947
115,10.2744331530583
116,25.7459198143555
117,16.1855298998829
118,14.0887939496525
119,11.5996625252586
120,33.248641801239
121,26.497580314511
122,24.3543501726671
123,16.048495680373
124,24.0350730478665
125,14.0808421758205
126,8.18292367356611
127,6.20423437449385
128,5.03515806242805
129,4.69198151300736
130,4.50938557795379
131,61.2389429478693
132,29.5800009971271
133,28.8063517523864
134,17.5035310217189
135,13.4904308605554
136,3.92425621711219
137,41.5060708856283
138,44.3274695035544
139,28.2998442301175
140,32.6616785302293
141,8.91950273078969
142,24.5222585291227
143,13.9833305273991
144,7.59977034450347
145,5.50234241257195
146,4.19515569473415
147,3.86186715489693
148,3.73945024181551
149,3.65786273756978
150,59.1417237250705
151,25.2201043167176
152,15.4124761300228
153,9.58431023381071
154,7.61884995742333
155,6.29160034911094
156,6.05894376834789
157,5.8604709587276
158,5.75719041473762
159,84.4005413176896
160,72.9997019506753
161,73.0304746768521
162,72.6236608776803
163,43.1696791506913
164,29.2163368795023
165,13.2555405691297
166,12.6250051980091
167,71.9993216601759
168,49.0399384261503
169,28.9004135596602
170,10.2457227620466
171,5.90902567040739
172,4.90982024466295
173,4.86981218660627
174,4.86835404714688
175,27.5867579716093
176,12.5531561473209
177,5.96222693987941
178,33.4613200027173
179,2.37077346557018
180,8.8631801253256
181,29.8837441816325
182,16.2453762210421
183,12.8197502290504
184,8.64908130250707
185,25.7000947494998
186,15.3065114823893
187,8.99500563033206
188,7.02496363345402
189,5.83566371401452
190,5.51602145104554
191,5.43701101735357
192,5.35693514863066
193,2.42280204952762
194,2.7457844844014
195,23.6677719159234
196,13.4730713844553
197,7.35431232085649
198,5.33720752530982
199,4.07969190527036
200,3.77259940659973
201,3.64246097809706
202,3.58003058385868
203,23.6677719159234
204,13.4730713844553
205,7.35431232085649
206,5.33720752530982
207,4.07969190527036
208,3.77259940659973
209,3.64246097809706
210,3.58003058385868
211,22.1747283873959
212,12.4249677571169
213,6.57748985949333
214,4.63815341250557
215,3.42937039123848
216,3.12903934548496
217,3.02141548049434
218,2.97478154136729
219,23.6677719159234
220,13.4730713844553
221,7.35431232085649
222,5.33720752530982
223,4.07969190527036
224,3.77259940659973
225,3.64246097809706
226,3.58003058385868
227,23.6677719159234
228,13.4730713844553
229,7.35431232085649
230,5.33720752530982
231,4.07969190527036
232,3.77259940659973
233,3.64246097809706
234,3.58003058385868
235,23.6677719159234
236,13.4730713844553
237,7.35431232085649
238,5.33720752530982
239,4.07969190527036
240,3.77259940659973
241,3.64246097809706
242,3.58003058385868
243,76.6514329838517
244,32.2761732608206
245,31.5682749222928
246,28.776096565429
247,24.5222585291227
248,13.9833305273991
249,7.59977034450347
250,5.50234241257195
251,4.19515569473415
252,3.86186715489693
253,3.73945024181551
254,3.65786273756978
255,17.5456651272913
256,23.6677719159234
257,13.4730713844553
258,7.35431232085649
259,5.33720752530982
260,4.07969190527036
261,3.77259940659973
262,3.64246097809706
263,3.58003058385868
264,6.50877188387527
265,26.7625920371518
266,16.3280093389551
267,9.90101577682484
268,7.82957552535974
269,6.56163338935624
270,6.23742822821277
271,6.09933455967468
272,6.01375526676025
273,4.36669661140649
274,12.6737567441748
275,24.2136249982959
276,13.8929830159353
277,7.56995301039496
278,5.51414273251744
279,4.23604294634684
280,3.95826472829493
281,3.84763618574195
282,3.78438709205258
283,17.9077555136654
284,18.2171290920001
285,35.8655711247169
286,25.4852795895628
287,17.7886712836219
288,17.2516526368218
289,25.7000947494998
290,15.3065114823893
291,8.99500563033206
292,7.02496363345402
293,5.83566371401452
294,5.51602145104554
295,5.43701101735357
296,5.35693514863066
297,24.5222585291227
298,13.9833305273991
299,7.59977034450347
300,5.50234241257195
301,4.19515569473415
302,3.86186715489693
303,3.73945024181551
304,3.65786273756978
305,4.33661807117846
306,39.3636019004745
307,26.7625920371518
308,16.3280093389551
309,9.90101577682484
310,7.82957552535974
311,6.56163338935624
312,6.23742822821277
313,6.09933455967468
314,6.01375526676025
315,46.0496677057739
316,36.525445413924
317,21.4346064300539
318,9.91720706576998
319,6.349986269306
320,4.72749923282166
321,4.58672524946304
322,4.29244278000759
323,15.1639139516433
324,26.7625920371518
325,16.3280093389551
326,9.90101577682484
327,7.82957552535974
328,6.56163338935624
329,6.23742822821277
330,6.09933455967468
331,6.01375526676025
332,26.7625920371518
333,16.3280093389551
334,9.90101577682484
335,7.82957552535974
336,6.56163338935624
337,6.23742822821277
338,6.09933455967468
339,6.01375526676025
340,26.7625920371518
341,16.3280093389551
342,9.90101577682484
343,7.82957552535974
344,6.56163338935624
345,6.23742822821277
346,6.09933455967468
347,6.01375526676025
348,51.1038529572775
349,25.4982346600353
350,13.8267733061757
351,8.39711709404978
352,7.96846705266996
353,5.85362609286198
354,7.29749035271262
355,45.0445561676217
356,27.4211183439428
357,22.8950122475742
358,13.4060110075181
359,6.59108206214099
360,5.7104624260436
361,7.43582290204903
362,14.1842165094515
363,19.5398534596759
364,10.8808584088401
365,10.5333644923948
366,5.96770945907867
367,6.15023485436009
368,6.13031755120609
369,50.7049791329337
370,22.1747283873959
371,12.4249677571169
372,6.57748985949333
373,4.63815341250557
374,3.42937039123848
375,3.12903934548496
376,3.02141548049434
377,2.97478154136729
378,37.6789297570101
379,21.8007460825779
380,19.5409708171822
381,18.1417394825576
382,10.9200002664997
383,25.2201043167176
384,15.4124761300228
385,9.58431023381071
386,7.61884995742333
387,6.29160034911094
388,6.05894376834789
389,5.8604709587276
390,5.75719041473762
391,26.7625920371518
392,16.3280093389551
393,9.90101577682484
394,7.82957552535974
395,6.56163338935624
396,6.23742822821277
397,6.09933455967468
398,6.01375526676025
399,25.2201043167176
400,15.4124761300228
401,9.58431023381071
402,7.61884995742333
403,6.29160034911094
404,6.05894376834789
405,5.8604709587276
406,5.75719041473762
407,46.4599785370767
408,41.3731603435763
409,31.0985050539414
410,3.7533396308578
411,49.4458628685063
412,25.2201043167176
413,15.4124761300228
414,9.58431023381071
415,7.61884995742333
416,6.29160034911094
417,6.05894376834789
418,5.8604709587276
419,5.75719041473762
420,25.2201043167176
421,15.4124761300228
422,9.58431023381071
423,7.61884995742333
424,6.29160034911094
425,6.05894376834789
426,5.8604709587276
427,5.75719041473762
428,25.2201043167176
429,15.4124761300228
430,9.58431023381071
431,7.61884995742333
432,6.29160034911094
433,6.05894376834789
434,5.8604709587276
435,5.75719041473762
436,25.2201043167176
437,15.4124761300228
438,9.58431023381071
439,7.61884995742333
440,6.29160034911094
441,6.05894376834789
442,5.8604709587276
443,5.75719041473762
444,23.8482426896362
445,13.7313350436597
446,7.55773398534525
447,5.47934683077432
448,4.18778816245127
449,3.95128486365538
450,3.79182403621529
451,3.68452754495009
452,23.6677719159234
453,13.4730713844553
454,7.35431232085649
455,5.33720752530982
456,4.07969190527036
457,3.77259940659973
458,3.64246097809706
459,3.58003058385868
460,24.9307754148603
461,14.5275044221937
462,8.07609013114248
463,6.03045160920204
464,4.68776836222145
465,4.44634185290089
466,4.30140865226344
467,4.2517046861084
468,17.3466541429075
469,9.68963293641536
470,9.26447292165189
471,8.73424239822837
472,6.74426261872982
473,26.7234193895214
474,16.143691754968
475,9.61206666134122
476,7.48045554542989
477,6.18022618959295
478,5.86755653509906
479,5.69399062994721
480,5.63664837393211
481,26.7234193895214
482,16.143691754968
483,9.61206666134122
484,7.48045554542989
485,6.18022618959295
486,5.86755653509906
487,5.69399062994721
488,5.63664837393211
489,35.0813923856722
490,36.5659658659901
491,15.3507157310602
492,10.5865413964935
493,10.6184814239075
494,21.5402179428446
495,11.9545178239482
496,6.18274308853252
497,4.28278940695766
498,3.08655054349142
499,2.77778804475034
500,2.67345061970601
501,2.62007477606389
502,21.5402179428446
503,11.9545178239482
504,6.18274308853252
505,4.28278940695766
506,3.08655054349142
507,2.77778804475034
508,2.67345061970601
509,2.62007477606389
510,21.5402179428446
511,11.9545178239482
512,6.18274308853252
513,4.28278940695766
514,3.08655054349142
515,2.77778804475034
516,2.67345061970601
517,2.62007477606389
518,10.2560350743459
519,9.08091539943877
520,8.60899067347017
521,14.9115457040636
522,24.5222585291227
523,13.9833305273991
524,7.59977034450347
525,5.50234241257195
526,4.19515569473415
527,3.86186715489693
528,3.73945024181551
529,3.65786273756978
530,87.3765837625803
531,50.1628611013296
532,8.43062908187035
533,10.0237641869777
534,37.8682031107049
535,25.9210438304087
536,53.3366008850207
537,29.6937411122146
538,21.8841437350933
539,14.7425816730402
540,29.6943091745307
541,28.5790603154175
542,6.82195242556361
543,2.86770958706736
544,3.13693666284862
545,16.6138567185711
546,11.4813944788404
547,11.9107422873595
548,10.9921956906524
549,11.2319014944654
550,9.4656485615327
551,8.51876725457861
552,8.01481405069639
553,7.72714566128884
554,5.95537554220344
555,48.0805219084119
556,18.3843447701154
557,6.78676235462351
558,3.46744242037018
559,7.45946232379472
560,3.65782629379656
561,31.5035359857786
562,20.8163515774925
563,14.0155173450784
564,26.7625920371518
565,16.3280093389551
566,9.90101577682484
567,7.82957552535974
568,6.56163338935624
569,6.23742822821277
570,6.09933455967468
571,6.01375526676025
572,26.7625920371518
573,16.3280093389551
574,9.90101577682484
575,7.82957552535974
576,6.56163338935624
577,6.23742822821277
578,6.09933455967468
579,6.01375526676025
580,22.1747283873959
581,12.4249677571169
582,6.57748985949333
583,4.63815341250557
584,3.42937039123848
585,3.12903934548496
586,3.02141548049434
587,2.97478154136729
588,22.1747283873959
589,12.4249677571169
590,6.57748985949333
591,4.63815341250557
592,3.42937039123848
593,3.12903934548496
594,3.02141548049434
595,2.97478154136729
596,22.1747283873959
597,12.4249677571169
598,6.57748985949333
599,4.63815341250557
600,3.42937039123848
601,3.12903934548496
602,3.02141548049434
603,2.97478154136729
604,23.6677719159234
605,13.4730713844553
606,7.35431232085649
607,5.33720752530982
608,4.07969190527036
609,3.77259940659973
610,3.64246097809706
611,3.58003058385868
612,23.6677719159234
613,13.4730713844553
614,7.35431232085649
615,5.33720752530982
616,4.07969190527036
617,3.77259940659973
618,3.64246097809706
619,3.58003058385868
620,23.6677719159234
621,13.4730713844553
622,7.35431232085649
623,5.33720752530982
624,4.07969190527036
625,3.77259940659973
626,3.64246097809706
627,3.58003058385868
628,41.6229661566399
629,30.646129992188
630,23.2367166010029
631,17.3102850774743
632,13.2426613210036
633,10.0247532449327
634,113.42009403757
635,57.7574351841061
636,23.4873899319282
637,22.2337490777354
638,18.7788860429188
639,29.8315729923201
640,16.1102122793298
641,9.47127535729077
642,6.61102792869002
643,5.31266913197506
644,4.97922105457318
645,22.1747283873959
646,12.4249677571169
647,6.57748985949333
648,4.63815341250557
649,3.42937039123848
650,3.12903934548496
651,3.02141548049434
652,2.97478154136729
653,24.5222585291227
654,13.9833305273991
655,7.59977034450347
656,5.50234241257195
657,4.19515569473415
658,3.86186715489693
659,3.73945024181551
660,3.65786273756978
661,4.25809048414792
662,27.1454693394244
663,16.6191141075246
664,11.8274294090801
665,9.82735403927154
666,3.32196709286376
667,4.25809048414792
668,5.59876312756366
669,4.08371671220818
670,41.8753009785545
671,28.0133036705573
672,17.1335096231423
673,24.5222585291227
674,13.9833305273991
675,7.59977034450347
676,5.50234241257195
677,4.19515569473415
678,3.86186715489693
679,3.73945024181551
680,3.65786273756978
681,33.5619993242816
682,7.23115423646731
683,2.4124385880022
684,15.9311335255962
685,14.1796441839201
686,30.8297335598048
687,16.8772060745119
688,16.5844894169788
689,14.449298462222
690,20.21252898437
691,15.1639139516433
692,21.5811054214194
693,11.9967729811674
694,6.22847349048808
695,4.30188163378876
696,3.07602197508895
697,2.77246088880403
698,2.68412859353427
699,2.62487021730008
700,23.8482426896362
701,13.7313350436597
702,7.55773398534525
703,5.47934683077432
704,4.18778816245127
705,3.95128486365538
706,3.79182403621529
707,3.68452754495009
708,24.5222585291227
709,13.9833305273991
710,7.59977034450347
711,5.50234241257195
712,4.19515569473415
713,3.86186715489693
714,3.73945024181551
715,3.65786273756978
716,13.9778707868696
717,27.9114864361115
718,14.8861596789306
719,9.39474908476881
720,9.47087438747229
721,54.5872989263583
722,39.9137766362399
723,21.7371067111905
724,22.1489668243558
725,16.8772060745119
726,14.449298462222
727,10.3983827081145
728,9.98509842386215
729,24.2901791805059
730,13.9324834498643
731,7.6722627363381
732,5.61975605490777
733,4.3507575859068
734,4.02131456127751
735,3.90394869362584
736,3.83163546092023
737,24.5222585291227
738,13.9833305273991
739,7.59977034450347
740,5.50234241257195
741,4.19515569473415
742,3.86186715489693
743,3.73945024181551
744,3.65786273756978
745,24.2901791805059
746,13.9324834498643
747,7.6722627363381
748,5.61975605490777
749,4.3507575859068
750,4.02131456127751
751,3.90394869362584
752,3.83163546092023
753,2.81664935015236
754,6.99362129035608
755,25.8518062231393
756,23.8340768496564
757,13.4261061356414
758,12.5293261437862
759,8.75469179687366
760,6.16555747005008
761,4.85926231634607
762,4.37417411796825
763,31.8997154232365
764,26.1103729755848
765,9.15917985594903
766,9.21886547358826
767,6.39627493916007
768,3.89924614931681
769,3.37411141220531
770,25.7457965737221
771,12.3194300534936
772,17.6110176551137
773,42.5970329212515
774,20.7250682605425
775,19.05089314428
776,13.2515458101907
777,9.29874317738068
778,17.0850086400186
779,11.7661195677446
780,11.2875740852241
781,8.01639275017818
782,6.52017911337436
783,58.0287430223857
784,17.0413909757543
785,7.95634613283633
786,5.19778190176549
787,5.21868951056998
788,39.3699230800414
789,20.6816401324472
790,10.0504624444549
791,10.812446998463
792,24.2901791805059
793,13.9324834498643
794,7.6722627363381
795,5.61975605490777
796,4.3507575859068
797,4.02131456127751
798,3.90394869362584
799,3.83163546092023
800,29.8315729923201
801,16.1102122793298
802,9.47127535729077
803,6.61102792869002
804,5.31266913197506
805,4.97922105457318
806,133.47017004584
807,76.1883513855525
808,56.963458563953
809,23.0907578723925
810,7.60246021382927
811,5.45479848175518
812,5.23497868837045
813,22.6260297941708
814,12.7474339428441
815,6.72379638454855
816,4.74990282488053
817,3.51020060132022
818,3.22218849512528
819,3.12011612612803
820,3.04623188666699
821,108.6539315617
822,92.2990071585336
823,35.7226828826265
824,28.4056525346016
825,108.6539315617
826,92.2990071585336
827,35.7226828826265
828,28.4056525346016
829,34.4450803296068
830,17.5342560479816
831,11.3095467340116
832,7.17003271745611
833,5.55809557373829
834,4.70029553201797
835,26.7625920371518
836,16.3280093389551
837,9.90101577682484
838,7.82957552535974
839,6.56163338935624
840,6.23742822821277
841,6.09933455967468
842,6.01375526676025
843,13.9919581933362
844,3.25320151949733
845,6.00104968365987
846,9.92763634768969
847,39.6135901510297
848,25.94627277956
849,23.6436403183718
850,22.0633310361561
851,66.2327951925842
852,4.50257033413589
853,19.3122396501263
854,15.2496676548972
855,8.16722930900283
856,8.82106579626879
857,43.2972621156762
858,5.15335489184217
859,5.23060141557106
860,5.2874969344158
861,5.08980259237098
862,59.8669478847837
863,68.1405464202451
864,35.2089335294553
865,17.9671014920646
866,16.7172493225686
867,11.2288890469805
868,62.906063712082
869,34.6134617376558
870,30.6431428482788
871,22.581791313058
872,30.148050290052
873,7.00389268010685
874,2.72748362212379
875,26.7234193895214
876,16.143691754968
877,9.61206666134122
878,7.48045554542989
879,6.18022618959295
880,5.86755653509906
881,5.69399062994721
882,5.63664837393211
883,26.7234193895214
884,16.143691754968
885,9.61206666134122
886,7.48045554542989
887,6.18022618959295
888,5.86755653509906
889,5.69399062994721
890,5.63664837393211
891,26.7625920371518
892,16.3280093389551
893,9.90101577682484
894,7.82957552535974
895,6.56163338935624
896,6.23742822821277
897,6.09933455967468
898,6.01375526676025
899,26.7625920371518
900,16.3280093389551
901,9.90101577682484
902,7.82957552535974
903,6.56163338935624
904,6.23742822821277
905,6.09933455967468
906,6.01375526676025
907,7.23270432832748
908,12.3714809337544
909,10.8796742301579
910,8.13126459421814
911,7.71902381257082
912,26.7625920371518
913,16.3280093389551
914,9.90101577682484
915,7.82957552535974
916,6.56163338935624
917,6.23742822821277
918,6.09933455967468
919,6.01375526676025
920,26.7625920371518
921,16.3280093389551
922,9.90101577682484
923,7.82957552535974
924,6.56163338935624
925,6.23742822821277
926,6.09933455967468
927,6.01375526676025
928,26.7625920371518
929,16.3280093389551
930,9.90101577682484
931,7.82957552535974
932,6.56163338935624
933,6.23742822821277
934,6.09933455967468
935,6.01375526676025
936,31.894270301737
937,50.3312189684496
938,27.6034652422348
939,21.5038265522189
940,15.7558830613142
941,13.7155082437709
942,78.2623640268636
943,36.9367368297143
944,25.8401308331719
945,10.5124071933401
946,7.84922797018106
947,46.1957137612981
948,6.87303200353506
949,26.7234193895214
950,16.143691754968
951,9.61206666134122
952,7.48045554542989
953,6.18022618959295
954,5.86755653509906
955,5.69399062994721
956,5.63664837393211
957,26.7234193895214
958,16.143691754968
959,9.61206666134122
960,7.48045554542989
961,6.18022618959295
962,5.86755653509906
963,5.69399062994721
964,5.63664837393211
965,26.7234193895214
966,16.143691754968
967,9.61206666134122
968,7.48045554542989
969,6.18022618959295
970,5.86755653509906
971,5.69399062994721
972,5.63664837393211
973,26.7234193895214
974,16.143691754968
975,9.61206666134122
976,7.48045554542989
977,6.18022618959295
978,5.86755653509906
979,5.69399062994721
980,5.63664837393211
981,26.7234193895214
982,16.143691754968
983,9.61206666134122
984,7.48045554542989
985,6.18022618959295
986,5.86755653509906
987,5.69399062994721
988,5.63664837393211
989,3.07181354684585
990,2.0623697525502
991,9.0778469737689
992,2.62798129703993
993,4.29329300019368
994,3.75882832267275
995,78.5596267589568
996,25.2201043167176
997,15.4124761300228
998,9.58431023381071
999,7.61884995742333
1000,6.29160034911094
1001,6.05894376834789
1002,5.8604709587276
1003,5.75719041473762
1004,26.7234193895214
1005,16.143691754968
1006,9.61206666134122
1007,7.48045554542989
1008,6.18022618959295
1009,5.86755653509906
1010,5.69399062994721
1011,5.63664837393211
1012,26.7234193895214
1013,16.143691754968
1014,9.61206666134122
1015,7.48045554542989
1016,6.18022618959295
1017,5.86755653509906
1018,5.69399062994721
1019,5.63664837393211
1020,26.7234193895214
1021,16.143691754968
1022,9.61206666134122
1023,7.48045554542989
1024,6.18022618959295
1025,5.86755653509906
1026,5.69399062994721
1027,5.63664837393211
1028,6.62569429925502
1029,6.61354781072446
1030,292.764256294388
1031,93.4125882617433
1032,118.833451066018
1033,77.8980433911128
1034,26.7625920371518
1035,16.3280093389551
1036,9.90101577682484
1037,7.82957552535974
1038,6.56163338935624
1039,6.23742822821277
1040,6.09933455967468
1041,6.01375526676025
1042,26.7625920371518
1043,16.3280093389551
1044,9.90101577682484
1045,7.82957552535974
1046,6.56163338935624
1047,6.23742822821277
1048,6.09933455967468
1049,6.01375526676025
1050,6.94520877321883
1051,24.2136249982959
1052,13.8929830159353
1053,7.56995301039496
1054,5.51414273251744
1055,4.23604294634684
1056,3.95826472829493
1057,3.84763618574195
1058,3.78438709205258
1059,6.75907665444595
1060,7.68680558300018
1061,3.10534187168873
1062,5.69082681950858
1063,2.84072369739795
1064,59.0753365916102
1065,53.55577654378
1066,44.3033544815308
1067,12.4694106618572
1068,26.7625920371518
1069,16.3280093389551
1070,9.90101577682484
1071,7.82957552535974
1072,6.56163338935624
1073,6.23742822821277
1074,6.09933455967468
1075,6.01375526676025
1076,6.6801892356571
1077,77.788893330897
1078,26.7625920371518
1079,16.3280093389551
1080,9.90101577682484
1081,7.82957552535974
1082,6.56163338935624
1083,6.23742822821277
1084,6.09933455967468
1085,6.01375526676025
1086,5.75066041610105
1087,3.37677532134323
1088,2.6321954209373
1089,2.4727062719285
1090,10.4629800424638
1091,9.53743460063631
1092,9.30707297005295
1093,8.98001809486539
1094,20.5797304331704
1095,19.4807600230512
1096,15.1174065875355
1097,22.1747283873959
1098,12.4249677571169
1099,6.57748985949333
1100,4.63815341250557
1101,3.42937039123848
1102,3.12903934548496
1103,3.02141548049434
1104,2.97478154136729
1105,22.1747283873959
1106,12.4249677571169
1107,6.57748985949333
1108,4.63815341250557
1109,3.42937039123848
1110,3.12903934548496
1111,3.02141548049434
1112,2.97478154136729
1113,106.592556693727
1114,86.0670547639052
1115,56.8811335929585
1116,18.2046756211874
1117,10.4854895314731
1118,16.0192191497959
1119,19.0713957644377
1120,19.3798328538918
1121,12.171367862222
1122,34.8419860756672
1123,33.7382703809942
1124,8.89067102779568
1125,4.56023455235034
1126,24.5222585291227
1127,13.9833305273991
1128,7.59977034450347
1129,5.50234241257195
1130,4.19515569473415
1131,3.86186715489693
1132,3.73945024181551
1133,3.65786273756978
1134,86.82445001342
1135,73.1689497291082
1136,40.9397852028807
1137,24.5222585291227
1138,13.9833305273991
1139,7.59977034450347
1140,5.50234241257195
1141,4.19515569473415
1142,3.86186715489693
1143,3.73945024181551
1144,3.65786273756978
1145,2.31858240061291
1146,12.7183196668117
1147,2.17905046074932
1148,28.5790603154175
1149,6.82195242556361
1150,2.86770958706736
1151,5.75285930732689
1152,6.61354781072446
1153,33.3720531774922
1154,10.2246374851332
1155,4.80741729707995
1156,29.9246400611735
1157,16.2615160355608
1158,14.4841059841669
1159,7.92186615541111
1160,24.5222585291227
1161,13.9833305273991
1162,7.59977034450347
1163,5.50234241257195
1164,4.19515569473415
1165,3.86186715489693
1166,3.73945024181551
1167,3.65786273756978
1168,24.5222585291227
1169,13.9833305273991
1170,7.59977034450347
1171,5.50234241257195
1172,4.19515569473415
1173,3.86186715489693
1174,3.73945024181551
1175,3.65786273756978
1176,24.5222585291227
1177,13.9833305273991
1178,7.59977034450347
1179,5.50234241257195
1180,4.19515569473415
1181,3.86186715489693
1182,3.73945024181551
1183,3.65786273756978
1184,45.8335757102928
1185,33.3446222864657
1186,26.5415215280908
1187,12.3827893071042
1188,8.54436484773155
1189,6.12695130269818
1190,24.9307754148603
1191,14.5275044221937
1192,8.07609013114248
1193,6.03045160920204
1194,4.68776836222145
1195,4.44634185290089
1196,4.30140865226344
1197,4.2517046861084
1198,8.882617025129
1199,2.26744428296095
1200,2.19680584655233
1201,13.771856239356
1202,26.7625920371518
1203,16.3280093389551
1204,9.90101577682484
1205,7.82957552535974
1206,6.56163338935624
1207,6.23742822821277
1208,6.09933455967468
1209,6.01375526676025
1210,26.7234193895214
1211,16.143691754968
1212,9.61206666134122
1213,7.48045554542989
1214,6.18022618959295
1215,5.86755653509906
1216,5.69399062994721
1217,5.63664837393211
1218,7.14559545837714
1219,7.82879412577504
1220,1.8716254095826
1221,4.94916997488817
1222,2.45877429631791
1223,3.18900546692948
1224,6.53488419271138
1225,26.7625920371518
1226,16.3280093389551
1227,9.90101577682484
1228,7.82957552535974
1229,6.56163338935624
1230,6.23742822821277
1231,6.09933455967468
1232,6.01375526676025
1233,26.7234193895214
1234,16.143691754968
1235,9.61206666134122
1236,7.48045554542989
1237,6.18022618959295
1238,5.86755653509906
1239,5.69399062994721
1240,5.63664837393211
1241,26.7234193895214
1242,16.143691754968
1243,9.61206666134122
1244,7.48045554542989
1245,6.18022618959295
1246,5.86755653509906
1247,5.69399062994721
1248,5.63664837393211
1249,26.869123425878
1250,21.0353865931236
1251,17.9997181230645
1252,17.2185501351009
1253,69.4693370013236
1254,24.5222585291227
1255,13.9833305273991
1256,7.59977034450347
1257,5.50234241257195
1258,4.19515569473415
1259,3.86186715489693
1260,3.73945024181551
1261,3.65786273756978
1262,2.2889791872557
1263,4.06400179827513
1264,26.7234193895214
1265,16.143691754968
1266,9.61206666134122
1267,7.48045554542989
1268,6.18022618959295
1269,5.86755653509906
1270,5.69399062994721
1271,5.63664837393211
1272,67.1786007047551
1273,49.2914285025395
1274,38.8656634959142
1275,38.1144952695722
1276,26.7625920371518
1277,16.3280093389551
1278,9.90101577682484
1279,7.82957552535974
1280,6.56163338935624
1281,6.23742822821277
1282,6.09933455967468
1283,6.01375526676025
1284,11.318086940926
1285,26.7625920371518
1286,16.3280093389551
1287,9.90101577682484
1288,7.82957552535974
1289,6.56163338935624
1290,6.23742822821277
1291,6.09933455967468
1292,6.01375526676025
1293,7.95232950707478
1294,7.12081715491334
1295,26.7234193895214
1296,16.143691754968
1297,9.61206666134122
1298,7.48045554542989
1299,6.18022618959295
1300,5.86755653509906
1301,5.69399062994721
1302,5.63664837393211
1303,26.7234193895214
1304,16.143691754968
1305,9.61206666134122
1306,7.48045554542989
1307,6.18022618959295
1308,5.86755653509906
1309,5.69399062994721
1310,5.63664837393211
1311,26.7234193895214
1312,16.143691754968
1313,9.61206666134122
1314,7.48045554542989
1315,6.18022618959295
1316,5.86755653509906
1317,5.69399062994721
1318,5.63664837393211
1319,479.624567382088
1320,23.6677719159234
1321,13.4730713844553
1322,7.35431232085649
1323,5.33720752530982
1324,4.07969190527036
1325,3.77259940659973
1326,3.64246097809706
1327,3.58003058385868
1328,26.7625920371518
1329,16.3280093389551
1330,9.90101577682484
1331,7.82957552535974
1332,6.56163338935624
1333,6.23742822821277
1334,6.09933455967468
1335,6.01375526676025
1336,40.3083566761336
1337,41.7449069043551
1338,36.3099469872022
1339,39.3636019004745
1340,26.7234193895214
1341,16.143691754968
1342,9.61206666134122
1343,7.48045554542989
1344,6.18022618959295
1345,5.86755653509906
1346,5.69399062994721
1347,5.63664837393211
1348,18.4626771867052
1349,21.1963784196668
1350,13.0711059453132
1351,8.49305048271374
1352,32.3444049385682
1353,14.0174391517316
1354,8.56869429347103
1355,10.8161127057167
1356,3.9169491658882
1357,21.4514031433631
1358,11.83035881375
1359,6.07283221320268
1360,4.15939747616126
1361,2.95761117828888
1362,2.65007311169848
1363,2.51890156991467
1364,2.46035756420342
1365,21.5811054214194
1366,11.9967729811674
1367,6.22847349048808
1368,4.30188163378876
1369,3.07602197508895
1370,2.77246088880403
1371,2.68412859353427
1372,2.62487021730008
1373,31.8997154232365
1374,9.15917985594903
1375,3.89924614931681
1376,23.6677719159234
1377,13.4730713844553
1378,7.35431232085649
1379,5.33720752530982
1380,4.07969190527036
1381,3.77259940659973
1382,3.64246097809706
1383,3.58003058385868
1384,26.7234193895214
1385,16.143691754968
1386,9.61206666134122
1387,7.48045554542989
1388,6.18022618959295
1389,5.86755653509906
1390,5.69399062994721
1391,5.63664837393211
1392,23.6677719159234
1393,13.4730713844553
1394,7.35431232085649
1395,5.33720752530982
1396,4.07969190527036
1397,3.77259940659973
1398,3.64246097809706
1399,3.58003058385868
1400,23.6677719159234
1401,13.4730713844553
1402,7.35431232085649
1403,5.33720752530982
1404,4.07969190527036
1405,3.77259940659973
1406,3.64246097809706
1407,3.58003058385868
1408,118.786054634189
1409,70.8506850290512
1410,59.999246121611
1411,29.6039051178879
1412,12.5353010564721
1413,9.77290504294152
1414,12.4694106618572
1415,25.2201043167176
1416,15.4124761300228
1417,9.58431023381071
1418,7.61884995742333
1419,6.29160034911094
1420,6.05894376834789
1421,5.8604709587276
1422,5.75719041473762
1423,26.7625920371518
1424,16.3280093389551
1425,9.90101577682484
1426,7.82957552535974
1427,6.56163338935624
1428,6.23742822821277
1429,6.09933455967468
1430,6.01375526676025
1431,26.7625920371518
1432,16.3280093389551
1433,9.90101577682484
1434,7.82957552535974
1435,6.56163338935624
1436,6.23742822821277
1437,6.09933455967468
1438,6.01375526676025
1439,11.3931594615899
1440,26.7234193895214
1441,16.143691754968
1442,9.61206666134122
1443,7.48045554542989
1444,6.18022618959295
1445,5.86755653509906
1446,5.69399062994721
1447,5.63664837393211
1448,36.1419678522793
1449,22.1341808280096
1450,21.3183695878657
1451,15.7970797512256
1452,53.1525722509653
1453,11.655614350444
1454,35.1336966125957
1455,9.75828174654551
1456,5.75285930732689
1457,24.0350730478665
1458,14.0808421758205
1459,8.18292367356611
1460,6.20423437449385
1461,5.03515806242805
1462,4.69198151300736
1463,4.50938557795379
1464,62.8743827383745
1465,10.608167170801
1466,30.4161811090631
1467,18.9046854289906
1468,16.3130972848958
1469,11.3456444609668
1470,42.1809105193984
1471,10.8508612667469
1472,13.6199177414802
1473,26.7625920371518
1474,16.3280093389551
1475,9.90101577682484
1476,7.82957552535974
1477,6.56163338935624
1478,6.23742822821277
1479,6.09933455967468
1480,6.01375526676025
1481,2.48510872548499
1482,9.11349263545459
1483,8.68621220414914
1484,21.3556390072997
1485,11.7498768159808
1486,5.98280351570609
1487,4.08758001198021
1488,2.83751551326965
1489,2.52440856162536
1490,2.43186988074374
1491,2.38406811526705
1492,28.0992863281854
1493,14.9416514348874
1494,12.0673093189911
1495,8.91692695900254
1496,25.7459198143555
1497,16.1855298998829
1498,14.0887939496525
1499,11.5996625252586
1500,16.559901158405
1501,3.07181354684585
1502,8.05887214866322
1503,20.0714957487836
1504,26.7625920371518
1505,16.3280093389551
1506,9.90101577682484
1507,7.82957552535974
1508,6.56163338935624
1509,6.23742822821277
1510,6.09933455967468
1511,6.01375526676025
1512,26.7625920371518
1513,16.3280093389551
1514,9.90101577682484
1515,7.82957552535974
1516,6.56163338935624
1517,6.23742822821277
1518,6.09933455967468
1519,6.01375526676025
1520,26.7625920371518
1521,16.3280093389551
1522,9.90101577682484
1523,7.82957552535974
1524,6.56163338935624
1525,6.23742822821277
1526,6.09933455967468
1527,6.01375526676025
1528,51.352762441251
1529,7.41012249518483
1530,23.8482426896362
1531,13.7313350436597
1532,7.55773398534525
1533,5.47934683077432
1534,4.18778816245127
1535,3.95128486365538
1536,3.79182403621529
1537,3.68452754495009
1538,21.4663376731057
1539,20.7389131084107
1540,33.9525443082247
1541,14.8337236628431
1542,13.3277659098671
1543,11.2660307210858
1544,18.2228735132875
1545,10.7981338409946
1546,6.43053484522846
1547,19.4261738506025
1548,46.3447310721338
1549,5.09484792018556
1550,4.83179618756952
1551,10.5371958803084
1552,26.7234193895214
1553,16.143691754968
1554,9.61206666134122
1555,7.48045554542989
1556,6.18022618959295
1557,5.86755653509906
1558,5.69399062994721
1559,5.63664837393211
1560,26.7234193895214
1561,16.143691754968
1562,9.61206666134122
1563,7.48045554542989
1564,6.18022618959295
1565,5.86755653509906
1566,5.69399062994721
1567,5.63664837393211
1568,26.7234193895214
1569,16.143691754968
1570,9.61206666134122
1571,7.48045554542989
1572,6.18022618959295
1573,5.86755653509906
1574,5.69399062994721
1575,5.63664837393211
1576,26.7234193895214
1577,16.143691754968
1578,9.61206666134122
1579,7.48045554542989
1580,6.18022618959295
1581,5.86755653509906
1582,5.69399062994721
1583,5.63664837393211
1584,65.5401228844657
1585,26.7625920371518
1586,16.3280093389551
1587,9.90101577682484
1588,7.82957552535974
1589,6.56163338935624
1590,6.23742822821277
1591,6.09933455967468
1592,6.01375526676025
1593,26.7625920371518
1594,16.3280093389551
1595,9.90101577682484
1596,7.82957552535974
1597,6.56163338935624
1598,6.23742822821277
1599,6.09933455967468
1600,6.01375526676025
1601,27.0772720347688
1602,14.8686465302425
1603,55.2633272235182
1604,53.7474866924046
1605,50.1220144034011
1606,28.5139480939335
1607,24.1839530444906
1608,14.0775306801046
1609,8.032049460752
1610,6.01378803143455
1611,4.81692017366605
1612,4.56553711353257
1613,4.40744609883132
1614,4.36270506297057
1615,30.4161811090631
1616,18.9046854289906
1617,16.3130972848958
1618,11.3456444609668
1619,98.0964123253296
1620,28.429984248266
1621,10.0000950377104
1622,10.5425222413294
1623,5.43180574550837
1624,24.5222585291227
1625,13.9833305273991
1626,7.59977034450347
1627,5.50234241257195
1628,4.19515569473415
1629,3.86186715489693
1630,3.73945024181551
1631,3.65786273756978
1632,161.617181324554
1633,147.616118840402
1634,136.318437017407
1635,127.619630520743
1636,31.392439448066
1637,7.34813095864833
1638,2.8720434294562
1639,21.3556390072997
1640,11.7498768159808
1641,5.98280351570609
1642,4.08758001198021
1643,2.83751551326965
1644,2.52440856162536
1645,2.43186988074374
1646,2.38406811526705
1647,5.81084011802061
1648,4.7798079489153
1649,7.70874037551942
1650,7.96013461702261
1651,5.81084011802061
1652,20.4041664550014
1653,26.7234193895214
1654,16.143691754968
1655,9.61206666134122
1656,7.48045554542989
1657,6.18022618959295
1658,5.86755653509906
1659,5.69399062994721
1660,5.63664837393211
1661,26.7234193895214
1662,16.143691754968
1663,9.61206666134122
1664,7.48045554542989
1665,6.18022618959295
1666,5.86755653509906
1667,5.69399062994721
1668,5.63664837393211
1669,78.7159478403844
1670,21.8571860806255
1671,45.4400670279754
1672,26.7625920371518
1673,16.3280093389551
1674,9.90101577682484
1675,7.82957552535974
1676,6.56163338935624
1677,6.23742822821277
1678,6.09933455967468
1679,6.01375526676025
1680,6.29033033551013
1681,7.31274245785491
1682,24.5222585291227
1683,13.9833305273991
1684,7.59977034450347
1685,5.50234241257195
1686,4.19515569473415
1687,3.86186715489693
1688,3.73945024181551
1689,3.65786273756978
1690,10.304943604118
1691,10.9148345956467
1692,5.32420985627785
1693,5.27506705700031
1694,4.52013588753532
1695,24.5222585291227
1696,13.9833305273991
1697,7.59977034450347
1698,5.50234241257195
1699,4.19515569473415
1700,3.86186715489693
1701,3.73945024181551
1702,3.65786273756978
1703,24.5222585291227
1704,13.9833305273991
1705,7.59977034450347
1706,5.50234241257195
1707,4.19515569473415
1708,3.86186715489693
1709,3.73945024181551
1710,3.65786273756978
1711,34.8991234394305
1712,18.3087649565482
1713,17.6008079761898
1714,11.7645468568959
1715,28.3880154318945
1716,22.0938106753761
1717,16.667260705755
1718,12.1421639223645
1719,41.4582421899874
1720,36.5092286992973
1721,3.90798324716899
1722,24.2136249982959
1723,13.8929830159353
1724,7.56995301039496
1725,5.51414273251744
1726,4.23604294634684
1727,3.95826472829493
1728,3.84763618574195
1729,3.78438709205258
1730,6.78008570701527
1731,7.62110464935684
1732,15.9815711331777
1733,3.16742236222603
1734,24.5222585291227
1735,13.9833305273991
1736,7.59977034450347
1737,5.50234241257195
1738,4.19515569473415
1739,3.86186715489693
1740,3.73945024181551
1741,3.65786273756978
1742,24.5222585291227
1743,13.9833305273991
1744,7.59977034450347
1745,5.50234241257195
1746,4.19515569473415
1747,3.86186715489693
1748,3.73945024181551
1749,3.65786273756978
1750,24.5222585291227
1751,13.9833305273991
1752,7.59977034450347
1753,5.50234241257195
1754,4.19515569473415
1755,3.86186715489693
1756,3.73945024181551
1757,3.65786273756978
1758,26.2435568351261
1759,15.2887623228656
1760,14.0267255588825
1761,10.9403593925714
1762,16.2197514382967
1763,29.8266350806767
1764,25.7667821982947
1765,11.4173591278358
1766,11.3125588699937
1767,14.3782057792978
1768,8.52987864465695
1769,8.31077582160889
1770,6.48209883493015
1771,27.4178106540836
1772,17.3178509599015
1773,11.8751696191268
1774,9.57849323344223
1775,16.5949476079844
1776,42.2810164848923
1777,25.2201043167176
1778,15.4124761300228
1779,9.58431023381071
1780,7.61884995742333
1781,6.29160034911094
1782,6.05894376834789
1783,5.8604709587276
1784,5.75719041473762
1785,26.7625920371518
1786,16.3280093389551
1787,9.90101577682484
1788,7.82957552535974
1789,6.56163338935624
1790,6.23742822821277
1791,6.09933455967468
1792,6.01375526676025
1793,26.7625920371518
1794,16.3280093389551
1795,9.90101577682484
1796,7.82957552535974
1797,6.56163338935624
1798,6.23742822821277
1799,6.09933455967468
1800,6.01375526676025
1801,15.6617730087264
1802,10.2165666383956
1803,8.73772943707285
1804,7.76164868661642
1805,8.14929513884197
1806,9.2656768233019
1807,9.67005105475808
1808,16.5949476079844
1809,7.70874037551942
1810,41.9816155828836
1811,31.6581929488953
1812,22.7264765776394
1813,21.126772661792
1814,18.388454216449
1815,24.5222585291227
1816,13.9833305273991
1817,7.59977034450347
1818,5.50234241257195
1819,4.19515569473415
1820,3.86186715489693
1821,3.73945024181551
1822,3.65786273756978
1823,24.5222585291227
1824,13.9833305273991
1825,7.59977034450347
1826,5.50234241257195
1827,4.19515569473415
1828,3.86186715489693
1829,3.73945024181551
1830,3.65786273756978
1831,24.5222585291227
1832,13.9833305273991
1833,7.59977034450347
1834,5.50234241257195
1835,4.19515569473415
1836,3.86186715489693
1837,3.73945024181551
1838,3.65786273756978
1839,8.43062908187035
1840,14.693494401644
1841,24.5222585291227
1842,13.9833305273991
1843,7.59977034450347
1844,5.50234241257195
1845,4.19515569473415
1846,3.86186715489693
1847,3.73945024181551
1848,3.65786273756978
1849,10.8070433254464
1850,92.0815189731533
1851,58.850047027743
1852,6.34389271893131
1853,6.869443732863
1854,17.9313774071009
1855,3.81956568643686
1856,3.5067943104861
1857,3.42277788891883
1858,3.46631655675767
1859,24.5222585291227
1860,13.9833305273991
1861,7.59977034450347
1862,5.50234241257195
1863,4.19515569473415
1864,3.86186715489693
1865,3.73945024181551
1866,3.65786273756978
1867,3.27151183008976
1868,3.25320151949733
1869,33.0080925443584
1870,9.10008412099453
1871,3.73554756954341
1872,23.6677719159234
1873,13.4730713844553
1874,7.35431232085649
1875,5.33720752530982
1876,4.07969190527036
1877,3.77259940659973
1878,3.64246097809706
1879,3.58003058385868
1880,31.392439448066
1881,7.34813095864833
1882,2.8720434294562
1883,2.8146020306199
1884,26.7625920371518
1885,16.3280093389551
1886,9.90101577682484
1887,7.82957552535974
1888,6.56163338935624
1889,6.23742822821277
1890,6.09933455967468
1891,6.01375526676025
1892,22.6260297941708
1893,12.7474339428441
1894,6.72379638454855
1895,4.74990282488053
1896,3.51020060132022
1897,3.22218849512528
1898,3.12011612612803
1899,3.04623188666699
1900,43.4489421154194
1901,15.8671346487438
1902,15.8405754967366
1903,12.8777210855965
1904,26.7234193895214
1905,16.143691754968
1906,9.61206666134122
1907,7.48045554542989
1908,6.18022618959295
1909,5.86755653509906
1910,5.69399062994721
1911,5.63664837393211
1912,26.7234193895214
1913,16.143691754968
1914,9.61206666134122
1915,7.48045554542989
1916,6.18022618959295
1917,5.86755653509906
1918,5.69399062994721
1919,5.63664837393211
1920,24.5222585291227
1921,13.9833305273991
1922,7.59977034450347
1923,5.50234241257195
1924,4.19515569473415
1925,3.86186715489693
1926,3.73945024181551
1927,3.65786273756978
1928,26.7625920371518
1929,16.3280093389551
1930,9.90101577682484
1931,7.82957552535974
1932,6.56163338935624
1933,6.23742822821277
1934,6.09933455967468
1935,6.01375526676025
1936,26.7625920371518
1937,16.3280093389551
1938,9.90101577682484
1939,7.82957552535974
1940,6.56163338935624
1941,6.23742822821277
1942,6.09933455967468
1943,6.01375526676025
1944,26.7625920371518
1945,16.3280093389551
1946,9.90101577682484
1947,7.82957552535974
1948,6.56163338935624
1949,6.23742822821277
1950,6.09933455967468
1951,6.01375526676025
1952,81.3982062545266
1953,44.9605529428488
1954,28.2501160319591
1955,25.1583119445984
1956,21.457791251334
1957,26.7625920371518
1958,16.3280093389551
1959,9.90101577682484
1960,7.82957552535974
1961,6.56163338935624
1962,6.23742822821277
1963,6.09933455967468
1964,6.01375526676025
1965,26.7625920371518
1966,16.3280093389551
1967,9.90101577682484
1968,7.82957552535974
1969,6.56163338935624
1970,6.23742822821277
1971,6.09933455967468
1972,6.01375526676025
1973,22.4171162338657
1974,11.8991502664285
1975,26.7625920371518
1976,16.3280093389551
1977,9.90101577682484
1978,7.82957552535974
1979,6.56163338935624
1980,6.23742822821277
1981,6.09933455967468
1982,6.01375526676025
1983,4.12795120785768
1984,5.3581684623438
1985,14.5549496690651
1986,17.6019136596311
1987,4.86610211472955
1988,4.95910235400552
1989,14.0772690784503
1990,16.385531599574
1991,4.86610211472955
1992,82.5067258410847
1993,2.35296436731965
1994,44.9284072347739
1995,24.2523795808746
1996,12.860669850006
1997,11.3423023845936
1998,9.75828174654551
1999,32.3999618174093
2000,10.991221918923
2001,4.9244340611937
2002,21.7344375735213
2003,26.7234193895214
2004,16.143691754968
2005,9.61206666134122
2006,7.48045554542989
2007,6.18022618959295
2008,5.86755653509906
2009,5.69399062994721
2010,5.63664837393211
2011,5.22840829726592
2012,3.82441674596846
2013,18.8025539890239
2014,5.18032569189147
2015,27.9968568709539
2016,40.7045008158261
2017,26.7234193895214
2018,16.143691754968
2019,9.61206666134122
2020,7.48045554542989
2021,6.18022618959295
2022,5.86755653509906
2023,5.69399062994721
2024,5.63664837393211
2025,24.5222585291227
2026,13.9833305273991
2027,7.59977034450347
2028,5.50234241257195
2029,4.19515569473415
2030,3.86186715489693
2031,3.73945024181551
2032,3.65786273756978
2033,22.6260297941708
2034,12.7474339428441
2035,6.72379638454855
2036,4.74990282488053
2037,3.51020060132022
2038,3.22218849512528
2039,3.12011612612803
2040,3.04623188666699
2041,7.68673940677403
2042,30.148050290052
2043,7.00389268010685
2044,2.72748362212379
2045,16.1047182926742
2046,26.7234193895214
2047,16.143691754968
2048,9.61206666134122
2049,7.48045554542989
2050,6.18022618959295
2051,5.86755653509906
2052,5.69399062994721
2053,5.63664837393211
2054,46.9532907636097
2055,5.73577057789378
2056,5.11073559453031
2057,4.92311184599422
2058,4.910827085186
2059,7.75962378377444
2060,22.1747283873959
2061,12.4249677571169
2062,6.57748985949333
2063,4.63815341250557
2064,3.42937039123848
2065,3.12903934548496
2066,3.02141548049434
2067,2.97478154136729
2068,22.1747283873959
2069,12.4249677571169
2070,6.57748985949333
2071,4.63815341250557
2072,3.42937039123848
2073,3.12903934548496
2074,3.02141548049434
2075,2.97478154136729
2076,15.0401726797279
2077,28.2507568843963
2078,21.5402179428446
2079,11.9545178239482
2080,6.18274308853252
2081,4.28278940695766
2082,3.08655054349142
2083,2.77778804475034
2084,2.67345061970601
2085,2.62007477606389
2086,22.1747283873959
2087,12.4249677571169
2088,6.57748985949333
2089,4.63815341250557
2090,3.42937039123848
2091,3.12903934548496
2092,3.02141548049434
2093,2.97478154136729
2094,7.72941654921087
2095,23.6677719159234
2096,13.4730713844553
2097,7.35431232085649
2098,5.33720752530982
2099,4.07969190527036
2100,3.77259940659973
2101,3.64246097809706
2102,3.58003058385868
2103,6.57060117782261
2104,19.712130198258
2105,14.5542207671632
2106,15.5862165233772
2107,11.8588958214335
2108,21.3556390072997
2109,11.7498768159808
2110,5.98280351570609
2111,4.08758001198021
2112,2.83751551326965
2113,2.52440856162536
2114,2.43186988074374
2115,2.38406811526705
2116,21.3556390072997
2117,11.7498768159808
2118,5.98280351570609
2119,4.08758001198021
2120,2.83751551326965
2121,2.52440856162536
2122,2.43186988074374
2123,2.38406811526705
2124,15.357105916747
2125,13.9345398918726
2126,11.8769591326123
2127,10.5597100834599
2128,30.8439163892185
2129,18.0603990027299
2130,11.4196751389638
2131,7.9740866451306
2132,5.92607528151124
2133,23.6677719159234
2134,13.4730713844553
2135,7.35431232085649
2136,5.33720752530982
2137,4.07969190527036
2138,3.77259940659973
2139,3.64246097809706
2140,3.58003058385868
2141,23.6677719159234
2142,13.4730713844553
2143,7.35431232085649
2144,5.33720752530982
2145,4.07969190527036
2146,3.77259940659973
2147,3.64246097809706
2148,3.58003058385868
2149,23.6677719159234
2150,13.4730713844553
2151,7.35431232085649
2152,5.33720752530982
2153,4.07969190527036
2154,3.77259940659973
2155,3.64246097809706
2156,3.58003058385868
2157,23.6677719159234
2158,13.4730713844553
2159,7.35431232085649
2160,5.33720752530982
2161,4.07969190527036
2162,3.77259940659973
2163,3.64246097809706
2164,3.58003058385868
2165,23.6677719159234
2166,13.4730713844553
2167,7.35431232085649
2168,5.33720752530982
2169,4.07969190527036
2170,3.77259940659973
2171,3.64246097809706
2172,3.58003058385868
2173,23.6677719159234
2174,13.4730713844553
2175,7.35431232085649
2176,5.33720752530982
2177,4.07969190527036
2178,3.77259940659973
2179,3.64246097809706
2180,3.58003058385868
2181,23.8482426896362
2182,13.7313350436597
2183,7.55773398534525
2184,5.47934683077432
2185,4.18778816245127
2186,3.95128486365538
2187,3.79182403621529
2188,3.68452754495009
2189,55.0615283908078
2190,34.2231054723944
2191,23.860360738103
2192,10.1337194188322
2193,6.96566536906936
2194,5.11511767514154
2195,4.60184560231333
2196,4.45890896949931
2197,4.37028440379239
2198,26.7234193895214
2199,16.143691754968
2200,9.61206666134122
2201,7.48045554542989
2202,6.18022618959295
2203,5.86755653509906
2204,5.69399062994721
2205,5.63664837393211
2206,26.7234193895214
2207,16.143691754968
2208,9.61206666134122
2209,7.48045554542989
2210,6.18022618959295
2211,5.86755653509906
2212,5.69399062994721
2213,5.63664837393211
2214,7.54883677086432
2215,26.7234193895214
2216,16.143691754968
2217,9.61206666134122
2218,7.48045554542989
2219,6.18022618959295
2220,5.86755653509906
2221,5.69399062994721
2222,5.63664837393211
2223,22.6260297941708
2224,12.7474339428441
2225,6.72379638454855
2226,4.74990282488053
2227,3.51020060132022
2228,3.22218849512528
2229,3.12011612612803
2230,3.04623188666699
2231,31.4558354019397
2232,6.68629806125085
2233,2.24909761824948
2234,23.8482426896362
2235,13.7313350436597
2236,7.55773398534525
2237,5.47934683077432
2238,4.18778816245127
2239,3.95128486365538
2240,3.79182403621529
2241,3.68452754495009
2242,59.4252176166338
2243,47.6189421416686
2244,37.0365120055045
2245,14.7700219323271
2246,13.2948858202752
2247,12.116341262164
2248,14.1836903490925
2249,77.2524503101906
2250,60.751983480045
2251,55.6736563692505
2252,31.3068015993102
2253,24.5222585291227
2254,13.9833305273991
2255,7.59977034450347
2256,5.50234241257195
2257,4.19515569473415
2258,3.86186715489693
2259,3.73945024181551
2260,3.65786273756978
2261,26.7625920371518
2262,16.3280093389551
2263,9.90101577682484
2264,7.82957552535974
2265,6.56163338935624
2266,6.23742822821277
2267,6.09933455967468
2268,6.01375526676025
2269,5.23821739819305
2270,8.79213720872547
2271,8.79213720872547
2272,7.39375550055893
2273,22.1747283873959
2274,12.4249677571169
2275,6.57748985949333
2276,4.63815341250557
2277,3.42937039123848
2278,3.12903934548496
2279,3.02141548049434
2280,2.97478154136729
2281,5.3509936123924
2282,5.90568179921324
2283,48.8596428844029
2284,16.4115284510159
2285,19.3982710960226
2286,14.2708216609044
2287,18.6368324679761
2288,7.56987950149305
2289,6.00703595467843
2290,4.86568761331521
2291,71.3750592099845
2292,6.24777268616811
2293,21.5402179428446
2294,11.9545178239482
2295,6.18274308853252
2296,4.28278940695766
2297,3.08655054349142
2298,2.77778804475034
2299,2.67345061970601
2300,2.62007477606389
2301,15.8349304670706
2302,15.8349304670706
2303,15.8349304670706
2304,21.4514031433631
2305,11.83035881375
2306,6.07283221320268
2307,4.15939747616126
2308,2.95761117828888
2309,2.65007311169848
2310,2.51890156991467
2311,2.46035756420342
2312,21.5811054214194
2313,11.9967729811674
2314,6.22847349048808
2315,4.30188163378876
2316,3.07602197508895
2317,2.77246088880403
2318,2.68412859353427
2319,2.62487021730008
2320,21.5811054214194
2321,11.9967729811674
2322,6.22847349048808
2323,4.30188163378876
2324,3.07602197508895
2325,2.77246088880403
2326,2.68412859353427
2327,2.62487021730008
2328,24.5222585291227
2329,13.9833305273991
2330,7.59977034450347
2331,5.50234241257195
2332,4.19515569473415
2333,3.86186715489693
2334,3.73945024181551
2335,3.65786273756978
2336,12.9532325593354
2337,4.42811857228438
2338,18.7737852503255
2339,20.2232720539185
2340,12.2528762516285
2341,8.57022111179998
2342,7.53083901714048
2343,13.692565160429
2344,21.5402179428446
2345,11.9545178239482
2346,6.18274308853252
2347,4.28278940695766
2348,3.08655054349142
2349,2.77778804475034
2350,2.67345061970601
2351,2.62007477606389
2352,21.5402179428446
2353,11.9545178239482
2354,6.18274308853252
2355,4.28278940695766
2356,3.08655054349142
2357,2.77778804475034
2358,2.67345061970601
2359,2.62007477606389
2360,21.5402179428446
2361,11.9545178239482
2362,6.18274308853252
2363,4.28278940695766
2364,3.08655054349142
2365,2.77778804475034
2366,2.67345061970601
2367,2.62007477606389
2368,21.5402179428446
2369,11.9545178239482
2370,6.18274308853252
2371,4.28278940695766
2372,3.08655054349142
2373,2.77778804475034
2374,2.67345061970601
2375,2.62007477606389
2376,9.65348111896005
2377,48.5740151851424
2378,26.7234193895214
2379,16.143691754968
2380,9.61206666134122
2381,7.48045554542989
2382,6.18022618959295
2383,5.86755653509906
2384,5.69399062994721
2385,5.63664837393211
2386,23.6677719159234
2387,13.4730713844553
2388,7.35431232085649
2389,5.33720752530982
2390,4.07969190527036
2391,3.77259940659973
2392,3.64246097809706
2393,3.58003058385868
2394,26.7625920371518
2395,16.3280093389551
2396,9.90101577682484
2397,7.82957552535974
2398,6.56163338935624
2399,6.23742822821277
2400,6.09933455967468
2401,6.01375526676025
2402,26.7625920371518
2403,16.3280093389551
2404,9.90101577682484
2405,7.82957552535974
2406,6.56163338935624
2407,6.23742822821277
2408,6.09933455967468
2409,6.01375526676025
2410,29.8315729923201
2411,16.1102122793298
2412,9.47127535729077
2413,6.61102792869002
2414,5.31266913197506
2415,4.97922105457318
2416,16.7883325868141
2417,9.75728433075553
2418,9.14416750273607
2419,8.8572644166907
2420,8.19524477146549
2421,158.810943531797
2422,96.8168344711955
2423,51.1913209030935
2424,50.0710715935078
2425,36.3355472893074
2426,26.7625920371518
2427,16.3280093389551
2428,9.90101577682484
2429,7.82957552535974
2430,6.56163338935624
2431,6.23742822821277
2432,6.09933455967468
2433,6.01375526676025
2434,26.7625920371518
2435,16.3280093389551
2436,9.90101577682484
2437,7.82957552535974
2438,6.56163338935624
2439,6.23742822821277
2440,6.09933455967468
2441,6.01375526676025
2442,32.2924371254126
2443,26.7625920371518
2444,16.3280093389551
2445,9.90101577682484
2446,7.82957552535974
2447,6.56163338935624
2448,6.23742822821277
2449,6.09933455967468
2450,6.01375526676025
2451,82.8749574079095
2452,11.1545229292008
2453,12.3188411629205
2454,9.82416360554322
2455,31.8997154232365
2456,3.89924614931681
2457,38.4998232639777
2458,14.0998772667956
2459,14.0859733024434
2460,10.9014036035927
2461,12.9511004363404
2462,49.1319679943365
2463,23.4109718607737
2464,16.0966002114306
2465,10.1883346072408
2466,9.77218155745252
2467,8.89641139498533
2468,5.50769977894764
2469,3.48497536316726
2470,27.0745413822684
2471,10.0420211648667
2472,22.1747283873959
2473,12.4249677571169
2474,6.57748985949333
2475,4.63815341250557
2476,3.42937039123848
2477,3.12903934548496
2478,3.02141548049434
2479,2.97478154136729
2480,23.6677719159234
2481,13.4730713844553
2482,7.35431232085649
2483,5.33720752530982
2484,4.07969190527036
2485,3.77259940659973
2486,3.64246097809706
2487,3.58003058385868
2488,23.6677719159234
2489,13.4730713844553
2490,7.35431232085649
2491,5.33720752530982
2492,4.07969190527036
2493,3.77259940659973
2494,3.64246097809706
2495,3.58003058385868
2496,22.1747283873959
2497,12.4249677571169
2498,6.57748985949333
2499,4.63815341250557
2500,3.42937039123848
2501,3.12903934548496
2502,3.02141548049434
2503,2.97478154136729
2504,104.103094424072
2505,49.4082575752156
2506,28.7389201384776
2507,23.5708427890222
2508,20.4408431043222
2509,23.6677719159234
2510,13.4730713844553
2511,7.35431232085649
2512,5.33720752530982
2513,4.07969190527036
2514,3.77259940659973
2515,3.64246097809706
2516,3.58003058385868
2517,22.1747283873959
2518,12.4249677571169
2519,6.57748985949333
2520,4.63815341250557
2521,3.42937039123848
2522,3.12903934548496
2523,3.02141548049434
2524,2.97478154136729
2525,23.6677719159234
2526,13.4730713844553
2527,7.35431232085649
2528,5.33720752530982
2529,4.07969190527036
2530,3.77259940659973
2531,3.64246097809706
2532,3.58003058385868
2533,26.7234193895214
2534,16.143691754968
2535,9.61206666134122
2536,7.48045554542989
2537,6.18022618959295
2538,5.86755653509906
2539,5.69399062994721
2540,5.63664837393211
2541,26.7234193895214
2542,16.143691754968
2543,9.61206666134122
2544,7.48045554542989
2545,6.18022618959295
2546,5.86755653509906
2547,5.69399062994721
2548,5.63664837393211
2549,10.1777544923275
2550,23.8482426896362
2551,13.7313350436597
2552,7.55773398534525
2553,5.47934683077432
2554,4.18778816245127
2555,3.95128486365538
2556,3.79182403621529
2557,3.68452754495009
2558,23.3447830853509
2559,13.9547189497507
2560,13.6069060376776
2561,10.1950328455191
2562,9.49318121345732
2563,9.08939132310457
2564,20.9877544913479
2565,13.20990283988
2566,10.1950328455191
2567,9.49130893523843
2568,9.08939132310457
2569,8.53920883408472
2570,34.1173087658971
2571,13.9108173527835
2572,13.7336885576174
2573,13.1963960235456
2574,34.1173087658971
2575,13.9108173527835
2576,13.7336885576174
2577,13.1963960235456
2578,13.5462294741549
2579,32.3840178839326
2580,36.4198175926319
2581,18.9133485375155
2582,9.15666925928332
2583,8.9768405387364
2584,5.42575382766028
2585,3.69248616803562
2586,8.00008763610009
2587,24.9829053334192
2588,41.4167311243254
2589,25.9794731005359
2590,16.8627083088799
2591,16.5341201791222
2592,11.0509133897323
2593,23.8482426896362
2594,13.7313350436597
2595,7.55773398534525
2596,5.47934683077432
2597,4.18778816245127
2598,3.95128486365538
2599,3.79182403621529
2600,3.68452754495009
2601,22.6260297941708
2602,12.7474339428441
2603,6.72379638454855
2604,4.74990282488053
2605,3.51020060132022
2606,3.22218849512528
2607,3.12011612612803
2608,3.04623188666699
2609,22.6260297941708
2610,12.7474339428441
2611,6.72379638454855
2612,4.74990282488053
2613,3.51020060132022
2614,3.22218849512528
2615,3.12011612612803
2616,3.04623188666699
2617,22.6260297941708
2618,12.7474339428441
2619,6.72379638454855
2620,4.74990282488053
2621,3.51020060132022
2622,3.22218849512528
2623,3.12011612612803
2624,3.04623188666699
2625,22.6260297941708
2626,12.7474339428441
2627,6.72379638454855
2628,4.74990282488053
2629,3.51020060132022
2630,3.22218849512528
2631,3.12011612612803
2632,3.04623188666699
2633,22.6260297941708
2634,12.7474339428441
2635,6.72379638454855
2636,4.74990282488053
2637,3.51020060132022
2638,3.22218849512528
2639,3.12011612612803
2640,3.04623188666699
2641,26.4123592003817
2642,16.4884514763108
2643,14.3307063445089
2644,13.0914887728055
2645,19.0984401643872
2646,54.9585487992757
2647,24.5222585291227
2648,13.9833305273991
2649,7.59977034450347
2650,5.50234241257195
2651,4.19515569473415
2652,3.86186715489693
2653,3.73945024181551
2654,3.65786273756978
2655,12.2344147461524
2656,13.9463676244633
2657,13.9463676244633
2658,13.9463676244633
2659,10.2142238012939
2660,3.38282708248823
2661,4.28319861543545
2662,24.0350730478665
2663,14.0808421758205
2664,8.18292367356611
2665,6.20423437449385
2666,5.03515806242805
2667,4.69198151300736
2668,4.50938557795379
2669,22.6260297941708
2670,12.7474339428441
2671,6.72379638454855
2672,4.74990282488053
2673,3.51020060132022
2674,3.22218849512528
2675,3.12011612612803
2676,3.04623188666699
2677,12.1551827293724
2678,24.2901791805059
2679,13.9324834498643
2680,7.6722627363381
2681,5.61975605490777
2682,4.3507575859068
2683,4.02131456127751
2684,3.90394869362584
2685,3.83163546092023
2686,116.238190775031
2687,24.5222585291227
2688,13.9833305273991
2689,7.59977034450347
2690,5.50234241257195
2691,4.19515569473415
2692,3.86186715489693
2693,3.73945024181551
2694,3.65786273756978
2695,22.6260297941708
2696,12.7474339428441
2697,6.72379638454855
2698,4.74990282488053
2699,3.51020060132022
2700,3.22218849512528
2701,3.12011612612803
2702,3.04623188666699
2703,31.5306739128912
2704,7.47655803600026
2705,3.05167103757076
2706,3.9169491658882
2707,8.38504167684797
2708,10.6139526488249
2709,28.240380447212
2710,17.2069797699797
2711,11.9493960825895
2712,7.53160356952918
2713,5.83590708052325
2714,5.73541933398962
2715,23.8482426896362
2716,13.7313350436597
2717,7.55773398534525
2718,5.47934683077432
2719,4.18778816245127
2720,3.95128486365538
2721,3.79182403621529
2722,3.68452754495009
2723,6.12726988819811
2724,24.6091053494711
2725,14.9660101326195
2726,13.1859849083565
2727,13.6777230286848
2728,33.3840747863561
2729,11.1860352645886
2730,14.9713987850503
2731,8.06809123670127
2732,12.9728814234161
2733,13.1015835864833
2734,11.5975766056973
2735,21.5402179428446
2736,11.9545178239482
2737,6.18274308853252
2738,4.28278940695766
2739,3.08655054349142
2740,2.77778804475034
2741,2.67345061970601
2742,2.62007477606389
2743,18.0654848708617
2744,10.674117237822
2745,10.8376014476201
2746,6.1579370167673
2747,10.5663041276684
2748,10.5722175014735
2749,6.22627611765347
2750,11.9751193529123
2751,45.2312148983487
2752,24.5222585291227
2753,13.9833305273991
2754,7.59977034450347
2755,5.50234241257195
2756,4.19515569473415
2757,3.86186715489693
2758,3.73945024181551
2759,3.65786273756978
2760,23.6677719159234
2761,13.4730713844553
2762,7.35431232085649
2763,5.33720752530982
2764,4.07969190527036
2765,3.77259940659973
2766,3.64246097809706
2767,3.58003058385868
2768,23.4326238896062
2769,14.159002247756
2770,13.5045235110765
2771,10.3568011788671
2772,22.6260297941708
2773,12.7474339428441
2774,6.72379638454855
2775,4.74990282488053
2776,3.51020060132022
2777,3.22218849512528
2778,3.12011612612803
2779,3.04623188666699
2780,26.7625920371518
2781,16.3280093389551
2782,9.90101577682484
2783,7.82957552535974
2784,6.56163338935624
2785,6.23742822821277
2786,6.09933455967468
2787,6.01375526676025
2788,22.6260297941708
2789,12.7474339428441
2790,6.72379638454855
2791,4.74990282488053
2792,3.51020060132022
2793,3.22218849512528
2794,3.12011612612803
2795,3.04623188666699
2796,8.25637376285642
2797,21.5402179428446
2798,11.9545178239482
2799,6.18274308853252
2800,4.28278940695766
2801,3.08655054349142
2802,2.77778804475034
2803,2.67345061970601
2804,2.62007477606389
2805,21.5402179428446
2806,11.9545178239482
2807,6.18274308853252
2808,4.28278940695766
2809,3.08655054349142
2810,2.77778804475034
2811,2.67345061970601
2812,2.62007477606389
2813,22.6260297941708
2814,12.7474339428441
2815,6.72379638454855
2816,4.74990282488053
2817,3.51020060132022
2818,3.22218849512528
2819,3.12011612612803
2820,3.04623188666699
2821,6.62569429925502
2822,6.62569429925502
2823,22.6260297941708
2824,12.7474339428441
2825,6.72379638454855
2826,4.74990282488053
2827,3.51020060132022
2828,3.22218849512528
2829,3.12011612612803
2830,3.04623188666699
2831,24.5222585291227
2832,13.9833305273991
2833,7.59977034450347
2834,5.50234241257195
2835,4.19515569473415
2836,3.86186715489693
2837,3.73945024181551
2838,3.65786273756978
2839,24.2901791805059
2840,13.9324834498643
2841,7.6722627363381
2842,5.61975605490777
2843,4.3507575859068
2844,4.02131456127751
2845,3.90394869362584
2846,3.83163546092023
2847,24.5222585291227
2848,13.9833305273991
2849,7.59977034450347
2850,5.50234241257195
2851,4.19515569473415
2852,3.86186715489693
2853,3.73945024181551
2854,3.65786273756978
2855,15.6314566104891
2856,15.0884134273684
2857,7.02434953472049
2858,6.40879477451452
2859,6.06410103210716
2860,11.409273915227
2861,9.58528804050379
2862,5.87910956252511
2863,5.88082476238159
2864,42.1313595151632
2865,21.1533981791276
2866,13.4573970268532
2867,13.5145619067425
2868,6.41676754846345
2869,5.96109836451693
2870,4.49070235405279
2871,28.5790603154175
2872,6.82195242556361
2873,2.86770958706736
2874,29.0805606256649
2875,7.48629703541701
2876,3.55724625846615
2877,6.56330738864543
2878,65.152743061655
2879,27.3816377668041
2880,8.43062908187035
2881,24.1839530444906
2882,14.0775306801046
2883,8.032049460752
2884,6.01378803143455
2885,4.81692017366605
2886,4.56553711353257
2887,4.40744609883132
2888,4.36270506297057
2889,26.7625920371518
2890,16.3280093389551
2891,9.90101577682484
2892,7.82957552535974
2893,6.56163338935624
2894,6.23742822821277
2895,6.09933455967468
2896,6.01375526676025
2897,24.9307754148603
2898,14.5275044221937
2899,8.07609013114248
2900,6.03045160920204
2901,4.68776836222145
2902,4.44634185290089
2903,4.30140865226344
2904,4.2517046861084
2905,24.9307754148603
2906,14.5275044221937
2907,8.07609013114248
2908,6.03045160920204
2909,4.68776836222145
2910,4.44634185290089
2911,4.30140865226344
2912,4.2517046861084
2913,24.9307754148603
2914,14.5275044221937
2915,8.07609013114248
2916,6.03045160920204
2917,4.68776836222145
2918,4.44634185290089
2919,4.30140865226344
2920,4.2517046861084
2921,131.723219629452
2922,85.5909338334602
2923,62.3142515865551
2924,131.723219629452
2925,62.3142515865551
2926,23.7788773225887
2927,7.54012726065482
2928,4.88968457323523
2929,4.30865334743461
2930,4.16393948703599
2931,23.8576962866628
2932,19.9886998325201
2933,13.0522625558962
2934,12.486497832776
2935,9.76390521030203
2936,33.4317334723351
2937,30.8438934815345
2938,21.684551883631
2939,21.9972860333749
2940,32.8180044131405
2941,73.8921916809546
2942,43.5302413551048
2943,40.8856169445591
2944,120.226029558532
2945,8.64140871349216
2946,8.87925095796067
2947,30.6032347729297
2948,26.3429563762541
2949,24.8393382952019
2950,16.236260342987
2951,19.5081729434335
2952,13.0866581269734
2953,18.019575436756
2954,36.9324009332872
2955,97.3681749220321
2956,51.6978463978249
2957,35.4309236396595
2958,664.557616720241
2959,10.0250547595527
2960,5.86616457777495
2961,5.84408974148321
2962,26.7234193895214
2963,16.143691754968
2964,9.61206666134122
2965,7.48045554542989
2966,6.18022618959295
2967,5.86755653509906
2968,5.69399062994721
2969,5.63664837393211
2970,55.6777849355729
2971,114.758792361974
2972,40.1384981567457
2973,25.946868102951
2974,35.2756684540446
2975,49.0221418261752
2976,79.7545286827036
2977,3.83216465542017
2978,46.9532907636097
2979,35.52595931398
2980,15.2293049250659
2981,23.8482426896362
2982,13.7313350436597
2983,7.55773398534525
2984,5.47934683077432
2985,4.18778816245127
2986,3.95128486365538
2987,3.79182403621529
2988,3.68452754495009
2989,22.6260297941708
2990,12.7474339428441
2991,6.72379638454855
2992,4.74990282488053
2993,3.51020060132022
2994,3.22218849512528
2995,3.12011612612803
2996,3.04623188666699
2997,26.7234193895214
2998,16.143691754968
2999,9.61206666134122
3000,7.48045554542989
3001,6.18022618959295
3002,5.86755653509906
3003,5.69399062994721
3004,5.63664837393211
3005,26.7234193895214
3006,16.143691754968
3007,9.61206666134122
3008,7.48045554542989
3009,6.18022618959295
3010,5.86755653509906
3011,5.69399062994721
3012,5.63664837393211
3013,24.0350730478665
3014,14.0808421758205
3015,8.18292367356611
3016,6.20423437449385
3017,5.03515806242805
3018,4.69198151300736
3019,4.50938557795379
3020,24.0350730478665
3021,14.0808421758205
3022,8.18292367356611
3023,6.20423437449385
3024,5.03515806242805
3025,4.69198151300736
3026,4.50938557795379
3027,7.81526181690327
3028,99.5001516134212
3029,81.2779945802062
3030,62.2682612683874
3031,30.7414580677766
3032,35.2748388856608
3033,31.9402852345793
3034,24.2483148473124
3035,38.8717273866512
3036,32.4162260812472
3037,30.5245621105283
3038,23.7035904109511
3039,24.0350730478665
3040,14.0808421758205
3041,8.18292367356611
3042,6.20423437449385
3043,5.03515806242805
3044,4.69198151300736
3045,4.50938557795379
3046,21.5402179428446
3047,11.9545178239482
3048,6.18274308853252
3049,4.28278940695766
3050,3.08655054349142
3051,2.77778804475034
3052,2.67345061970601
3053,2.62007477606389
3054,154.732547491292
3055,7.07206921515733
3056,22.6260297941708
3057,12.7474339428441
3058,6.72379638454855
3059,4.74990282488053
3060,3.51020060132022
3061,3.22218849512528
3062,3.12011612612803
3063,3.04623188666699
3064,22.3871171692359
3065,8.36251208539702
3066,8.300034272318
3067,8.26924809952246
3068,8.26778464372289
3069,22.1747283873959
3070,12.4249677571169
3071,6.57748985949333
3072,4.63815341250557
3073,3.42937039123848
3074,3.12903934548496
3075,3.02141548049434
3076,2.97478154136729
3077,41.0615817410507
3078,21.4514031433631
3079,11.83035881375
3080,6.07283221320268
3081,4.15939747616126
3082,2.95761117828888
3083,2.65007311169848
3084,2.51890156991467
3085,2.46035756420342
3086,21.5811054214194
3087,11.9967729811674
3088,6.22847349048808
3089,4.30188163378876
3090,3.07602197508895
3091,2.77246088880403
3092,2.68412859353427
3093,2.62487021730008
3094,20.0458806592324
3095,26.7234193895214
3096,16.143691754968
3097,9.61206666134122
3098,7.48045554542989
3099,6.18022618959295
3100,5.86755653509906
3101,5.69399062994721
3102,5.63664837393211
3103,59.1690677750264
3104,59.1690677750264
3105,24.0350730478665
3106,14.0808421758205
3107,8.18292367356611
3108,6.20423437449385
3109,5.03515806242805
3110,4.69198151300736
3111,4.50938557795379
3112,29.4760453997874
3113,22.6260297941708
3114,12.7474339428441
3115,6.72379638454855
3116,4.74990282488053
3117,3.51020060132022
3118,3.22218849512528
3119,3.12011612612803
3120,3.04623188666699
3121,24.2901791805059
3122,13.9324834498643
3123,7.6722627363381
3124,5.61975605490777
3125,4.3507575859068
3126,4.02131456127751
3127,3.90394869362584
3128,3.83163546092023
3129,22.6260297941708
3130,12.7474339428441
3131,6.72379638454855
3132,4.74990282488053
3133,3.51020060132022
3134,3.22218849512528
3135,3.12011612612803
3136,3.04623188666699
3137,24.5222585291227
3138,13.9833305273991
3139,7.59977034450347
3140,5.50234241257195
3141,4.19515569473415
3142,3.86186715489693
3143,3.73945024181551
3144,3.65786273756978
3145,26.7625920371518
3146,16.3280093389551
3147,9.90101577682484
3148,7.82957552535974
3149,6.56163338935624
3150,6.23742822821277
3151,6.09933455967468
3152,6.01375526676025
3153,22.6204589744654
3154,26.7234193895214
3155,16.143691754968
3156,9.61206666134122
3157,7.48045554542989
3158,6.18022618959295
3159,5.86755653509906
3160,5.69399062994721
3161,5.63664837393211
3162,3.9169491658882
3163,28.6889000800946
3164,36.9401379975915
3165,17.2124384714242
3166,36.6685511286511
3167,23.6677719159234
3168,13.4730713844553
3169,7.35431232085649
3170,5.33720752530982
3171,4.07969190527036
3172,3.77259940659973
3173,3.64246097809706
3174,3.58003058385868
3175,23.6677719159234
3176,13.4730713844553
3177,7.35431232085649
3178,5.33720752530982
3179,4.07969190527036
3180,3.77259940659973
3181,3.64246097809706
3182,3.58003058385868
3183,26.7625920371518
3184,16.3280093389551
3185,9.90101577682484
3186,7.82957552535974
3187,6.56163338935624
3188,6.23742822821277
3189,6.09933455967468
3190,6.01375526676025
3191,59.1690677750264
3192,9.12250869260976
3193,15.852300175143
3194,5.20928260113162
3195,3.25320151949733
3196,3.25320151949733
3197,23.6677719159234
3198,13.4730713844553
3199,7.35431232085649
3200,5.33720752530982
3201,4.07969190527036
3202,3.77259940659973
3203,3.64246097809706
3204,3.58003058385868
3205,26.7234193895214
3206,16.143691754968
3207,9.61206666134122
3208,7.48045554542989
3209,6.18022618959295
3210,5.86755653509906
3211,5.69399062994721
3212,5.63664837393211
3213,46.9654814073287
3214,22.5928103898199
3215,17.8887072917503
3216,9.1906428699518
3217,4.87653717257191
3218,45.1556922794143
3219,32.2939906422913
3220,22.0789658602998
3221,26.7234193895214
3222,16.143691754968
3223,9.61206666134122
3224,7.48045554542989
3225,6.18022618959295
3226,5.86755653509906
3227,5.69399062994721
3228,5.63664837393211
3229,10.7458535880002
3230,25.9106689670395
3231,23.6119034982903
3232,61.2376684437402
3233,11.0691998335868
3234,5.76396913583682
3235,6.52955746978882
3236,6.67149404255173
3237,24.9312727839081
3238,14.7965696982208
3239,8.61314107229092
3240,6.5010448233443
3241,5.40487726974653
3242,5.1706635806028
3243,5.05211816680521
3244,4.9991496100726
3245,24.9312727839081
3246,14.7965696982208
3247,8.61314107229092
3248,6.5010448233443
3249,5.40487726974653
3250,5.1706635806028
3251,5.05211816680521
3252,4.9991496100726
3253,24.9312727839081
3254,14.7965696982208
3255,8.61314107229092
3256,6.5010448233443
3257,5.40487726974653
3258,5.1706635806028
3259,5.05211816680521
3260,4.9991496100726
3261,13.3372108013478
3262,22.6260297941708
3263,12.7474339428441
3264,6.72379638454855
3265,4.74990282488053
3266,3.51020060132022
3267,3.22218849512528
3268,3.12011612612803
3269,3.04623188666699
3270,24.1839530444906
3271,14.0775306801046
3272,8.032049460752
3273,6.01378803143455
3274,4.81692017366605
3275,4.56553711353257
3276,4.40744609883132
3277,4.36270506297057
3278,9.73542034847225
3279,19.8943722893403
3280,12.369712946464
3281,9.63554314434411
3282,8.95789033338374
3283,24.2901791805059
3284,13.9324834498643
3285,7.6722627363381
3286,5.61975605490777
3287,4.3507575859068
3288,4.02131456127751
3289,3.90394869362584
3290,3.83163546092023
3291,3.76982002925932
3292,87.8954359086698
3293,86.0571760828478
3294,86.0571760828478
3295,86.0571760828478
3296,52.9111085690876
3297,37.7183233960834
3298,33.4820320230012
3299,29.407148544908
3300,21.2640950842269
3301,8.83429502513083
3302,25.1347650116639
3303,7.91404134560583
3304,123.366860523191
3305,78.682344092748
3306,62.146468235642
3307,58.2750254934923
3308,22.9365564273515
3309,13.1228859959007
3310,23.8482426896362
3311,13.7313350436597
3312,7.55773398534525
3313,5.47934683077432
3314,4.18778816245127
3315,3.95128486365538
3316,3.79182403621529
3317,3.68452754495009
3318,67.1931345028949
3319,37.2326227543603
3320,36.2388973380504
3321,19.9486988391914
3322,8.79334779128254
3323,4.83491049847408
3324,44.6153944531494
3325,21.30455587519
3326,12.2566825260351
3327,7.97947697863243
3328,4.78041455133149
3329,16.4651848581645
3330,11.9456139235159
3331,10.9650336248269
3332,10.5925195527034
3333,86.0571760828478
3334,61.6435924089942
3335,59.1432618871303
3336,61.5449233178876
3337,26.7625920371518
3338,16.3280093389551
3339,9.90101577682484
3340,7.82957552535974
3341,6.56163338935624
3342,6.23742822821277
3343,6.09933455967468
3344,6.01375526676025
3345,29.2332235598933
3346,7.673765844663
3347,3.15801409459057
3348,16.0111028043263
3349,75.5098561356287
3350,7.58205226117612
3351,4.4574289254767
3352,3.56686290098875
3353,3.27794203387659
3354,18.2560379414547
3355,20.4041664550014
3356,24.5222585291227
3357,13.9833305273991
3358,7.59977034450347
3359,5.50234241257195
3360,4.19515569473415
3361,3.86186715489693
3362,3.73945024181551
3363,3.65786273756978
3364,30.206686823831
3365,6.62058230366705
3366,2.26543889992555
3367,24.0098325805435
3368,14.8328318296525
3369,45.9801370683376
3370,19.5830770748907
3371,15.0955150462724
3372,10.6569852391258
3373,6.6249012640416
3374,9.75828174654551
3375,41.4153869044989
3376,37.7388530790531
3377,25.2201043167176
3378,15.4124761300228
3379,9.58431023381071
3380,7.61884995742333
3381,6.29160034911094
3382,6.05894376834789
3383,5.8604709587276
3384,5.75719041473762
3385,25.2201043167176
3386,15.4124761300228
3387,9.58431023381071
3388,7.61884995742333
3389,6.29160034911094
3390,6.05894376834789
3391,5.8604709587276
3392,5.75719041473762
3393,25.2201043167176
3394,15.4124761300228
3395,9.58431023381071
3396,7.61884995742333
3397,6.29160034911094
3398,6.05894376834789
3399,5.8604709587276
3400,5.75719041473762
3401,25.2201043167176
3402,15.4124761300228
3403,9.58431023381071
3404,7.61884995742333
3405,6.29160034911094
3406,6.05894376834789
3407,5.8604709587276
3408,5.75719041473762
3409,23.6677719159234
3410,13.4730713844553
3411,7.35431232085649
3412,5.33720752530982
3413,4.07969190527036
3414,3.77259940659973
3415,3.64246097809706
3416,3.58003058385868
3417,59.236463629178
3418,11.983803650196
3419,34.5384290177106
3420,28.8062749879016
3421,26.7625920371518
3422,16.3280093389551
3423,9.90101577682484
3424,7.82957552535974
3425,6.56163338935624
3426,6.23742822821277
3427,6.09933455967468
3428,6.01375526676025
3429,48.9489464235491
3430,24.4087094095074
3431,21.8717365246915
3432,16.16991158528
3433,8.89049405712441
3434,23.6677719159234
3435,13.4730713844553
3436,7.35431232085649
3437,5.33720752530982
3438,4.07969190527036
3439,3.77259940659973
3440,3.64246097809706
3441,3.58003058385868
3442,25.8797888973587
3443,11.3825006630574
3444,22.6260297941708
3445,12.7474339428441
3446,6.72379638454855
3447,4.74990282488053
3448,3.51020060132022
3449,3.22218849512528
3450,3.12011612612803
3451,3.04623188666699
3452,26.7625920371518
3453,16.3280093389551
3454,9.90101577682484
3455,7.82957552535974
3456,6.56163338935624
3457,6.23742822821277
3458,6.09933455967468
3459,6.01375526676025
3460,26.7625920371518
3461,16.3280093389551
3462,9.90101577682484
3463,7.82957552535974
3464,6.56163338935624
3465,6.23742822821277
3466,6.09933455967468
3467,6.01375526676025
3468,7.55532344703034
3469,23.6677719159234
3470,13.4730713844553
3471,7.35431232085649
3472,5.33720752530982
3473,4.07969190527036
3474,3.77259940659973
3475,3.64246097809706
3476,3.58003058385868
3477,23.6677719159234
3478,13.4730713844553
3479,7.35431232085649
3480,5.33720752530982
3481,4.07969190527036
3482,3.77259940659973
3483,3.64246097809706
3484,3.58003058385868
3485,22.1747283873959
3486,12.4249677571169
3487,6.57748985949333
3488,4.63815341250557
3489,3.42937039123848
3490,3.12903934548496
3491,3.02141548049434
3492,2.97478154136729
3493,23.6677719159234
3494,13.4730713844553
3495,7.35431232085649
3496,5.33720752530982
3497,4.07969190527036
3498,3.77259940659973
3499,3.64246097809706
3500,3.58003058385868
3501,23.6677719159234
3502,13.4730713844553
3503,7.35431232085649
3504,5.33720752530982
3505,4.07969190527036
3506,3.77259940659973
3507,3.64246097809706
3508,3.58003058385868
3509,23.6677719159234
3510,13.4730713844553
3511,7.35431232085649
3512,5.33720752530982
3513,4.07969190527036
3514,3.77259940659973
3515,3.64246097809706
3516,3.58003058385868
3517,23.6677719159234
3518,13.4730713844553
3519,7.35431232085649
3520,5.33720752530982
3521,4.07969190527036
3522,3.77259940659973
3523,3.64246097809706
3524,3.58003058385868
3525,21.4514031433631
3526,11.83035881375
3527,6.07283221320268
3528,4.15939747616126
3529,2.95761117828888
3530,2.65007311169848
3531,2.51890156991467
3532,2.46035756420342
3533,21.5811054214194
3534,11.9967729811674
3535,6.22847349048808
3536,4.30188163378876
3537,3.07602197508895
3538,2.77246088880403
3539,2.68412859353427
3540,2.62487021730008
3541,60.0426981317448
3542,10.6327569816812
3543,63.0314864546069
3544,58.6688259529831
3545,53.2956803712935
3546,18.0137724840051
3547,34.6063446684143
3548,26.7234193895214
3549,16.143691754968
3550,9.61206666134122
3551,7.48045554542989
3552,6.18022618959295
3553,5.86755653509906
3554,5.69399062994721
3555,5.63664837393211
3556,21.5402179428446
3557,11.9545178239482
3558,6.18274308853252
3559,4.28278940695766
3560,3.08655054349142
3561,2.77778804475034
3562,2.67345061970601
3563,2.62007477606389
3564,40.0092466843087
3565,17.0351782802
3566,17.1935800332736
3567,14.2511497428715
3568,21.4514031433631
3569,11.83035881375
3570,6.07283221320268
3571,4.15939747616126
3572,2.95761117828888
3573,2.65007311169848
3574,2.51890156991467
3575,2.46035756420342
3576,24.5222585291227
3577,13.9833305273991
3578,7.59977034450347
3579,5.50234241257195
3580,4.19515569473415
3581,3.86186715489693
3582,3.73945024181551
3583,3.65786273756978
3584,10.6327569816812
3585,12.1350281870088
3586,8.43062908187035
3587,94.3686460844808
3588,54.1492227495049
3589,35.7196887373315
3590,32.1159418150614
3591,10.6327569816812
3592,22.6260297941708
3593,12.7474339428441
3594,6.72379638454855
3595,4.74990282488053
3596,3.51020060132022
3597,3.22218849512528
3598,3.12011612612803
3599,3.04623188666699
3600,26.7234193895214
3601,16.143691754968
3602,9.61206666134122
3603,7.48045554542989
3604,6.18022618959295
3605,5.86755653509906
3606,5.69399062994721
3607,5.63664837393211
3608,15.9891959398895
3609,16.016741982706
3610,7.87010847765146
3611,6.74908522901924
3612,5.73067885623174
3613,5.28607526252436
3614,55.6777849355729
3615,24.4328848978542
3616,12.2777820372446
3617,12.5320784992158
3618,7.90910756096203
3619,139.420424468907
3620,10.4832790831817
3621,3.27151183008976
3622,24.0350730478665
3623,14.0808421758205
3624,8.18292367356611
3625,6.20423437449385
3626,5.03515806242805
3627,4.69198151300736
3628,4.50938557795379
3629,33.7382703809942
3630,8.89067102779568
3631,4.56023455235034
3632,7.58727177552863
3633,24.9312727839081
3634,14.7965696982208
3635,8.61314107229092
3636,6.5010448233443
3637,5.40487726974653
3638,5.1706635806028
3639,5.05211816680521
3640,4.9991496100726
3641,24.9312727839081
3642,14.7965696982208
3643,8.61314107229092
3644,6.5010448233443
3645,5.40487726974653
3646,5.1706635806028
3647,5.05211816680521
3648,4.9991496100726
3649,24.9312727839081
3650,14.7965696982208
3651,8.61314107229092
3652,6.5010448233443
3653,5.40487726974653
3654,5.1706635806028
3655,5.05211816680521
3656,4.9991496100726
3657,21.5402179428446
3658,11.9545178239482
3659,6.18274308853252
3660,4.28278940695766
3661,3.08655054349142
3662,2.77778804475034
3663,2.67345061970601
3664,2.62007477606389
3665,26.7625920371518
3666,16.3280093389551
3667,9.90101577682484
3668,7.82957552535974
3669,6.56163338935624
3670,6.23742822821277
3671,6.09933455967468
3672,6.01375526676025
3673,3.25320151949733
3674,5.46600759650619
3675,14.2345357856256
3676,9.99091178806116
3677,17.007857799953
3678,13.1649846337605
3679,11.9915709174674
3680,8.84581142461825
3681,29.9066775637872
3682,22.1747283873959
3683,12.4249677571169
3684,6.57748985949333
3685,4.63815341250557
3686,3.42937039123848
3687,3.12903934548496
3688,3.02141548049434
3689,2.97478154136729
3690,26.7234193895214
3691,16.143691754968
3692,9.61206666134122
3693,7.48045554542989
3694,6.18022618959295
3695,5.86755653509906
3696,5.69399062994721
3697,5.63664837393211
3698,26.7234193895214
3699,16.143691754968
3700,9.61206666134122
3701,7.48045554542989
3702,6.18022618959295
3703,5.86755653509906
3704,5.69399062994721
3705,5.63664837393211
3706,17.8718288054756
3707,26.7234193895214
3708,16.143691754968
3709,9.61206666134122
3710,7.48045554542989
3711,6.18022618959295
3712,5.86755653509906
3713,5.69399062994721
3714,5.63664837393211
3715,15.4906929119839
3716,26.7625920371518
3717,16.3280093389551
3718,9.90101577682484
3719,7.82957552535974
3720,6.56163338935624
3721,6.23742822821277
3722,6.09933455967468
3723,6.01375526676025
3724,26.7625920371518
3725,16.3280093389551
3726,9.90101577682484
3727,7.82957552535974
3728,6.56163338935624
3729,6.23742822821277
3730,6.09933455967468
3731,6.01375526676025
3732,16.7443491387858
3733,9.30915025847979
3734,7.9757467377708
3735,7.36647156483933
3736,15.4849885592059
3737,6.97310749382579
3738,26.7234193895214
3739,16.143691754968
3740,9.61206666134122
3741,7.48045554542989
3742,6.18022618959295
3743,5.86755653509906
3744,5.69399062994721
3745,5.63664837393211
3746,45.7932244865975
3747,23.6677719159234
3748,13.4730713844553
3749,7.35431232085649
3750,5.33720752530982
3751,4.07969190527036
3752,3.77259940659973
3753,3.64246097809706
3754,3.58003058385868
3755,23.6677719159234
3756,13.4730713844553
3757,7.35431232085649
3758,5.33720752530982
3759,4.07969190527036
3760,3.77259940659973
3761,3.64246097809706
3762,3.58003058385868
3763,30.1746866529348
3764,14.3953983285919
3765,15.1002625203918
3766,12.8348256669059
3767,21.5402179428446
3768,11.9545178239482
3769,6.18274308853252
3770,4.28278940695766
3771,3.08655054349142
3772,2.77778804475034
3773,2.67345061970601
3774,2.62007477606389
3775,6.36417413693926
3776,3.06305587484904
3777,26.7234193895214
3778,16.143691754968
3779,9.61206666134122
3780,7.48045554542989
3781,6.18022618959295
3782,5.86755653509906
3783,5.69399062994721
3784,5.63664837393211
3785,26.7625920371518
3786,16.3280093389551
3787,9.90101577682484
3788,7.82957552535974
3789,6.56163338935624
3790,6.23742822821277
3791,6.09933455967468
3792,6.01375526676025
3793,96.9079508465805
3794,51.5358852697392
3795,26.4919241859761
3796,17.9660826219432
3797,17.1738463728441
3798,9.57616200384335
3799,6.44914890976562
3800,5.05067034079755
3801,53.7180441334027
3802,43.1611737758874
3803,32.5536598053142
3804,16.4738442557277
3805,11.4137614430846
3806,9.64411670078114
3807,10.6292923245464
3808,25.8065273869696
3809,24.2305462930653
3810,17.516991823131
3811,12.7695655589567
3812,19.3841736564221
3813,13.9536286405864
3814,13.6136650908592
3815,122.315582458508
3816,63.2059452138384
3817,30.7534416852601
3818,12.4741307346075
3819,30.9870270731441
3820,17.191248693205
3821,12.4984436896674
3822,8.88507938009366
3823,6.73393292446779
3824,41.000805291282
3825,27.7391752446403
3826,15.1671879980382
3827,9.57616200384335
3828,6.44914890976562
3829,5.05067034079755
3830,24.8387929851308
3831,37.477867616423
3832,26.0245516642538
3833,16.2768720409159
3834,10.7018810143302
3835,8.02053728092395
3836,7.19998326371619
3837,30.5111863605315
3838,22.0706141992616
3839,10.7762522583756
3840,7.37309859481209
3841,7.54098197513572
3842,7.5672175239949
3843,7.70431245509212
3844,7.74652515384043
3845,27.411063912829
3846,16.2266524698193
3847,15.5981339897602
3848,5.44422273023472
3849,17.7062177239035
3850,22.6260297941708
3851,12.7474339428441
3852,6.72379638454855
3853,4.74990282488053
3854,3.51020060132022
3855,3.22218849512528
3856,3.12011612612803
3857,3.04623188666699
3858,22.6260297941708
3859,12.7474339428441
3860,6.72379638454855
3861,4.74990282488053
3862,3.51020060132022
3863,3.22218849512528
3864,3.12011612612803
3865,3.04623188666699
3866,22.6260297941708
3867,12.7474339428441
3868,6.72379638454855
3869,4.74990282488053
3870,3.51020060132022
3871,3.22218849512528
3872,3.12011612612803
3873,3.04623188666699
3874,22.6260297941708
3875,12.7474339428441
3876,6.72379638454855
3877,4.74990282488053
3878,3.51020060132022
3879,3.22218849512528
3880,3.12011612612803
3881,3.04623188666699
3882,22.6260297941708
3883,12.7474339428441
3884,6.72379638454855
3885,4.74990282488053
3886,3.51020060132022
3887,3.22218849512528
3888,3.12011612612803
3889,3.04623188666699
3890,22.6260297941708
3891,12.7474339428441
3892,6.72379638454855
3893,4.74990282488053
3894,3.51020060132022
3895,3.22218849512528
3896,3.12011612612803
3897,3.04623188666699
3898,24.5222585291227
3899,13.9833305273991
3900,7.59977034450347
3901,5.50234241257195
3902,4.19515569473415
3903,3.86186715489693
3904,3.73945024181551
3905,3.65786273756978
3906,26.7234193895214
3907,16.143691754968
3908,9.61206666134122
3909,7.48045554542989
3910,6.18022618959295
3911,5.86755653509906
3912,5.69399062994721
3913,5.63664837393211
3914,26.7625920371518
3915,16.3280093389551
3916,9.90101577682484
3917,7.82957552535974
3918,6.56163338935624
3919,6.23742822821277
3920,6.09933455967468
3921,6.01375526676025
3922,24.5222585291227
3923,13.9833305273991
3924,7.59977034450347
3925,5.50234241257195
3926,4.19515569473415
3927,3.86186715489693
3928,3.73945024181551
3929,3.65786273756978
3930,24.5222585291227
3931,13.9833305273991
3932,7.59977034450347
3933,5.50234241257195
3934,4.19515569473415
3935,3.86186715489693
3936,3.73945024181551
3937,3.65786273756978
3938,24.5222585291227
3939,13.9833305273991
3940,7.59977034450347
3941,5.50234241257195
3942,4.19515569473415
3943,3.86186715489693
3944,3.73945024181551
3945,3.65786273756978
3946,18.8485554140278
3947,16.043008405094
3948,8.45318042549689
3949,7.31808248903306
3950,6.27199350184147
3951,5.46443140663166
3952,14.2382762078323
3953,16.1294398944523
3954,8.88073575570307
3955,7.83024009978128
3956,6.65523934312237
3957,5.63927637678363
3958,24.5222585291227
3959,13.9833305273991
3960,7.59977034450347
3961,5.50234241257195
3962,4.19515569473415
3963,3.86186715489693
3964,3.73945024181551
3965,3.65786273756978
3966,21.235162869293
3967,24.5222585291227
3968,13.9833305273991
3969,7.59977034450347
3970,5.50234241257195
3971,4.19515569473415
3972,3.86186715489693
3973,3.73945024181551
3974,3.65786273756978
3975,31.5306739128912
3976,7.47655803600026
3977,3.05167103757076
3978,31.392439448066
3979,7.34813095864833
3980,2.8720434294562
3981,15.3196860813295
3982,16.2956648159376
3983,6.7164855639688
3984,4.65317012972521
3985,23.6677719159234
3986,13.4730713844553
3987,7.35431232085649
3988,5.33720752530982
3989,4.07969190527036
3990,3.77259940659973
3991,3.64246097809706
3992,3.58003058385868
3993,9.88805110933943
3994,7.71068437857941
3995,28.8399816757795
3996,7.06707088540562
3997,4.01598584581313
3998,2.76674106275013
3999,2.56696674093562
4000,12.6198730692179
4001,6.20503987457904
4002,25.2891518875493
4003,26.7625920371518
4004,16.3280093389551
4005,9.90101577682484
4006,7.82957552535974
4007,6.56163338935624
4008,6.23742822821277
4009,6.09933455967468
4010,6.01375526676025
4011,26.7625920371518
4012,16.3280093389551
4013,9.90101577682484
4014,7.82957552535974
4015,6.56163338935624
4016,6.23742822821277
4017,6.09933455967468
4018,6.01375526676025
4019,23.6677719159234
4020,13.4730713844553
4021,7.35431232085649
4022,5.33720752530982
4023,4.07969190527036
4024,3.77259940659973
4025,3.64246097809706
4026,3.58003058385868
4027,13.5967315129756
4028,23.8482426896362
4029,13.7313350436597
4030,7.55773398534525
4031,5.47934683077432
4032,4.18778816245127
4033,3.95128486365538
4034,3.79182403621529
4035,3.68452754495009
4036,26.7234193895214
4037,16.143691754968
4038,9.61206666134122
4039,7.48045554542989
4040,6.18022618959295
4041,5.86755653509906
4042,5.69399062994721
4043,5.63664837393211
4044,26.7234193895214
4045,16.143691754968
4046,9.61206666134122
4047,7.48045554542989
4048,6.18022618959295
4049,5.86755653509906
4050,5.69399062994721
4051,5.63664837393211
4052,26.7234193895214
4053,16.143691754968
4054,9.61206666134122
4055,7.48045554542989
4056,6.18022618959295
4057,5.86755653509906
4058,5.69399062994721
4059,5.63664837393211
4060,64.9937173399129
4061,31.5614363956385
4062,42.2802440372255
4063,69.9038122369795
4064,5.75285930732689
4065,19.599544743203
4066,23.6677719159234
4067,13.4730713844553
4068,7.35431232085649
4069,5.33720752530982
4070,4.07969190527036
4071,3.77259940659973
4072,3.64246097809706
4073,3.58003058385868
4074,49.6882144729034
4075,44.5996759588607
4076,46.5892075450502
4077,13.8990575321648
4078,11.2903131391334
4079,22.1838658869261
4080,10.2779779412158
4081,6.88932334938517
4082,5.79943123825141
4083,5.7324628012141
4084,15.6419494869373
4085,11.4004612007581
4086,6.82090227153681
4087,6.2810836107615
4088,5.15728271743403
4089,4.33924208895011
4090,6.21402663935507
4091,5.39709308141242
4092,5.07539284219481
4093,4.04299200648193
4094,3.8941079807206
4095,24.5222585291227
4096,13.9833305273991
4097,7.59977034450347
4098,5.50234241257195
4099,4.19515569473415
4100,3.86186715489693
4101,3.73945024181551
4102,3.65786273756978
4103,32.569574688306
4104,26.7234193895214
4105,16.143691754968
4106,9.61206666134122
4107,7.48045554542989
4108,6.18022618959295
4109,5.86755653509906
4110,5.69399062994721
4111,5.63664837393211
4112,23.6677719159234
4113,13.4730713844553
4114,7.35431232085649
4115,5.33720752530982
4116,4.07969190527036
4117,3.77259940659973
4118,3.64246097809706
4119,3.58003058385868
4120,22.6260297941708
4121,12.7474339428441
4122,6.72379638454855
4123,4.74990282488053
4124,3.51020060132022
4125,3.22218849512528
4126,3.12011612612803
4127,3.04623188666699
4128,5.75285930732689
4129,5.75285930732689
4130,24.9432631598834
4131,16.1256151708427
4132,16.2319231049594
4133,14.518726200336
4134,3.06305587484904
4135,29.1670945360547
4136,46.9532907636097
4137,7.75962378377444
4138,26.2480196406414
4139,18.3521329781836
4140,24.2901791805059
4141,13.9324834498643
4142,7.6722627363381
4143,5.61975605490777
4144,4.3507575859068
4145,4.02131456127751
4146,3.90394869362584
4147,3.83163546092023
4148,24.2901791805059
4149,13.9324834498643
4150,7.6722627363381
4151,5.61975605490777
4152,4.3507575859068
4153,4.02131456127751
4154,3.90394869362584
4155,3.83163546092023
4156,24.2901791805059
4157,13.9324834498643
4158,7.6722627363381
4159,5.61975605490777
4160,4.3507575859068
4161,4.02131456127751
4162,3.90394869362584
4163,3.83163546092023
4164,26.7625920371518
4165,16.3280093389551
4166,9.90101577682484
4167,7.82957552535974
4168,6.56163338935624
4169,6.23742822821277
4170,6.09933455967468
4171,6.01375526676025
4172,26.7234193895214
4173,16.143691754968
4174,9.61206666134122
4175,7.48045554542989
4176,6.18022618959295
4177,5.86755653509906
4178,5.69399062994721
4179,5.63664837393211
4180,24.5222585291227
4181,13.9833305273991
4182,7.59977034450347
4183,5.50234241257195
4184,4.19515569473415
4185,3.86186715489693
4186,3.73945024181551
4187,3.65786273756978
4188,10.800228688704
4189,23.6677719159234
4190,13.4730713844553
4191,7.35431232085649
4192,5.33720752530982
4193,4.07969190527036
4194,3.77259940659973
4195,3.64246097809706
4196,3.58003058385868
4197,23.6677719159234
4198,13.4730713844553
4199,7.35431232085649
4200,5.33720752530982
4201,4.07969190527036
4202,3.77259940659973
4203,3.64246097809706
4204,3.58003058385868
4205,16.9654226424633
4206,17.1769252511073
4207,7.99734252289924
4208,7.99734252289924
4209,31.7768569316856
4210,61.8155341502745
4211,38.2481630555227
4212,27.6821695717369
4213,24.4572741825771
4214,23.6385478264057
4215,589.294153105453
4216,26.7625920371518
4217,16.3280093389551
4218,9.90101577682484
4219,7.82957552535974
4220,6.56163338935624
4221,6.23742822821277
4222,6.09933455967468
4223,6.01375526676025
4224,23.6677719159234
4225,13.4730713844553
4226,7.35431232085649
4227,5.33720752530982
4228,4.07969190527036
4229,3.77259940659973
4230,3.64246097809706
4231,3.58003058385868
4232,26.7234193895214
4233,16.143691754968
4234,9.61206666134122
4235,7.48045554542989
4236,6.18022618959295
4237,5.86755653509906
4238,5.69399062994721
4239,5.63664837393211
4240,10.3051030409655
4241,22.6260297941708
4242,12.7474339428441
4243,6.72379638454855
4244,4.74990282488053
4245,3.51020060132022
4246,3.22218849512528
4247,3.12011612612803
4248,3.04623188666699
4249,22.6260297941708
4250,12.7474339428441
4251,6.72379638454855
4252,4.74990282488053
4253,3.51020060132022
4254,3.22218849512528
4255,3.12011612612803
4256,3.04623188666699
4257,35.6272963898358
4258,20.0459928792208
4259,28.9737402822247
4260,14.0522116229095
4261,8.27405374496386
4262,9.0778890229258
4263,168.877481804924
4264,15.5588880337525
4265,8.75448755146902
4266,9.53562218076507
4267,26.7234193895214
4268,16.143691754968
4269,9.61206666134122
4270,7.48045554542989
4271,6.18022618959295
4272,5.86755653509906
4273,5.69399062994721
4274,5.63664837393211
4275,26.7234193895214
4276,16.143691754968
4277,9.61206666134122
4278,7.48045554542989
4279,6.18022618959295
4280,5.86755653509906
4281,5.69399062994721
4282,5.63664837393211
4283,37.2918030648399
4284,24.5222585291227
4285,13.9833305273991
4286,7.59977034450347
4287,5.50234241257195
4288,4.19515569473415
4289,3.86186715489693
4290,3.73945024181551
4291,3.65786273756978
4292,55.6777849355729
4293,26.7234193895214
4294,16.143691754968
4295,9.61206666134122
4296,7.48045554542989
4297,6.18022618959295
4298,5.86755653509906
4299,5.69399062994721
4300,5.63664837393211
4301,21.5402179428446
4302,11.9545178239482
4303,6.18274308853252
4304,4.28278940695766
4305,3.08655054349142
4306,2.77778804475034
4307,2.67345061970601
4308,2.62007477606389
4309,24.5222585291227
4310,13.9833305273991
4311,7.59977034450347
4312,5.50234241257195
4313,4.19515569473415
4314,3.86186715489693
4315,3.73945024181551
4316,3.65786273756978
4317,10.4475128701143
4318,15.4434847104108
4319,10.4042851437428
4320,12.1117170981177
4321,11.3566550952948
4322,38.6842965570301
4323,51.5070800508831
4324,11.2998478604575
4325,11.3820950779348
4326,17.0928417669473
4327,6.70172439335527
4328,18.8702905506448
4329,23.8482426896362
4330,13.7313350436597
4331,7.55773398534525
4332,5.47934683077432
4333,4.18778816245127
4334,3.95128486365538
4335,3.79182403621529
4336,3.68452754495009
4337,21.5402179428446
4338,11.9545178239482
4339,6.18274308853252
4340,4.28278940695766
4341,3.08655054349142
4342,2.77778804475034
4343,2.67345061970601
4344,2.62007477606389
4345,21.4514031433631
4346,11.83035881375
4347,6.07283221320268
4348,4.15939747616126
4349,2.95761117828888
4350,2.65007311169848
4351,2.51890156991467
4352,2.46035756420342
4353,23.8482426896362
4354,13.7313350436597
4355,7.55773398534525
4356,5.47934683077432
4357,4.18778816245127
4358,3.95128486365538
4359,3.79182403621529
4360,3.68452754495009
4361,7.33207738415884
4362,33.9994535903532
4363,23.6677719159234
4364,13.4730713844553
4365,7.35431232085649
4366,5.33720752530982
4367,4.07969190527036
4368,3.77259940659973
4369,3.64246097809706
4370,3.58003058385868
4371,23.6677719159234
4372,13.4730713844553
4373,7.35431232085649
4374,5.33720752530982
4375,4.07969190527036
4376,3.77259940659973
4377,3.64246097809706
4378,3.58003058385868
4379,26.7625920371518
4380,16.3280093389551
4381,9.90101577682484
4382,7.82957552535974
4383,6.56163338935624
4384,6.23742822821277
4385,6.09933455967468
4386,6.01375526676025
4387,83.8690930617802
4388,39.8089320023914
4389,25.3677239430206
4390,23.5068399517038
4391,18.4099874275422
4392,25.2517325797601
4393,11.7410153430869
4394,10.0402103384782
4395,8.77464697216148
4396,7.53635564955644
4397,23.6677719159234
4398,13.4730713844553
4399,7.35431232085649
4400,5.33720752530982
4401,4.07969190527036
4402,3.77259940659973
4403,3.64246097809706
4404,3.58003058385868
4405,26.7234193895214
4406,16.143691754968
4407,9.61206666134122
4408,7.48045554542989
4409,6.18022618959295
4410,5.86755653509906
4411,5.69399062994721
4412,5.63664837393211
4413,6.40144202941933
4414,70.1437580174305
4415,23.6677719159234
4416,13.4730713844553
4417,7.35431232085649
4418,5.33720752530982
4419,4.07969190527036
4420,3.77259940659973
4421,3.64246097809706
4422,3.58003058385868
4423,24.2901791805059
4424,13.9324834498643
4425,7.6722627363381
4426,5.61975605490777
4427,4.3507575859068
4428,4.02131456127751
4429,3.90394869362584
4430,3.83163546092023
4431,22.6260297941708
4432,12.7474339428441
4433,6.72379638454855
4434,4.74990282488053
4435,3.51020060132022
4436,3.22218849512528
4437,3.12011612612803
4438,3.04623188666699
4439,24.5222585291227
4440,13.9833305273991
4441,7.59977034450347
4442,5.50234241257195
4443,4.19515569473415
4444,3.86186715489693
4445,3.73945024181551
4446,3.65786273756978
4447,23.6677719159234
4448,13.4730713844553
4449,7.35431232085649
4450,5.33720752530982
4451,4.07969190527036
4452,3.77259940659973
4453,3.64246097809706
4454,3.58003058385868
4455,23.6677719159234
4456,13.4730713844553
4457,7.35431232085649
4458,5.33720752530982
4459,4.07969190527036
4460,3.77259940659973
4461,3.64246097809706
4462,3.58003058385868
4463,23.6677719159234
4464,13.4730713844553
4465,7.35431232085649
4466,5.33720752530982
4467,4.07969190527036
4468,3.77259940659973
4469,3.64246097809706
4470,3.58003058385868
4471,23.6677719159234
4472,13.4730713844553
4473,7.35431232085649
4474,5.33720752530982
4475,4.07969190527036
4476,3.77259940659973
4477,3.64246097809706
4478,3.58003058385868
4479,23.6677719159234
4480,13.4730713844553
4481,7.35431232085649
4482,5.33720752530982
4483,4.07969190527036
4484,3.77259940659973
4485,3.64246097809706
4486,3.58003058385868
4487,39.8317044514045
4488,25.6296410772875
4489,11.3562558770998
4490,11.2675665236688
4491,5.70077140982489
4492,23.6677719159234
4493,13.4730713844553
4494,7.35431232085649
4495,5.33720752530982
4496,4.07969190527036
4497,3.77259940659973
4498,3.64246097809706
4499,3.58003058385868
4500,23.6677719159234
4501,13.4730713844553
4502,7.35431232085649
4503,5.33720752530982
4504,4.07969190527036
4505,3.77259940659973
4506,3.64246097809706
4507,3.58003058385868
4508,23.6677719159234
4509,13.4730713844553
4510,7.35431232085649
4511,5.33720752530982
4512,4.07969190527036
4513,3.77259940659973
4514,3.64246097809706
4515,3.58003058385868
4516,23.6677719159234
4517,13.4730713844553
4518,7.35431232085649
4519,5.33720752530982
4520,4.07969190527036
4521,3.77259940659973
4522,3.64246097809706
4523,3.58003058385868
4524,23.6677719159234
4525,13.4730713844553
4526,7.35431232085649
4527,5.33720752530982
4528,4.07969190527036
4529,3.77259940659973
4530,3.64246097809706
4531,3.58003058385868
4532,23.6677719159234
4533,13.4730713844553
4534,7.35431232085649
4535,5.33720752530982
4536,4.07969190527036
4537,3.77259940659973
4538,3.64246097809706
4539,3.58003058385868
4540,23.6677719159234
4541,13.4730713844553
4542,7.35431232085649
4543,5.33720752530982
4544,4.07969190527036
4545,3.77259940659973
4546,3.64246097809706
4547,3.58003058385868
4548,24.9312727839081
4549,14.7965696982208
4550,8.61314107229092
4551,6.5010448233443
4552,5.40487726974653
4553,5.1706635806028
4554,5.05211816680521
4555,4.9991496100726
4556,24.9312727839081
4557,14.7965696982208
4558,8.61314107229092
4559,6.5010448233443
4560,5.40487726974653
4561,5.1706635806028
4562,5.05211816680521
4563,4.9991496100726
4564,29.8315729923201
4565,16.1102122793298
4566,9.47127535729077
4567,6.61102792869002
4568,5.31266913197506
4569,4.97922105457318
4570,22.1747283873959
4571,12.4249677571169
4572,6.57748985949333
4573,4.63815341250557
4574,3.42937039123848
4575,3.12903934548496
4576,3.02141548049434
4577,2.97478154136729
4578,14.7525321462508
4579,36.8648983845551
4580,29.1668709653692
4581,28.0080399454809
4582,27.574398730387
4583,16.4372286664425
4584,16.8654340389695
4585,26.7234193895214
4586,16.143691754968
4587,9.61206666134122
4588,7.48045554542989
4589,6.18022618959295
4590,5.86755653509906
4591,5.69399062994721
4592,5.63664837393211
4593,65.6801809640751
4594,18.9403580788213
4595,19.5219359130175
4596,10.4713587020025
4597,9.54770767607187
4598,6.80944664845346
4599,7.70874037551942
4600,7.54608800084104
4601,32.4638835212813
4602,40.7741041753738
4603,3.27151183008976
4604,3.25320151949733
4605,89.0905090501957
4606,68.0824983981908
4607,41.4471996781806
4608,23.7693712938043
4609,14.2342102743795
4610,22.6260297941708
4611,12.7474339428441
4612,6.72379638454855
4613,4.74990282488053
4614,3.51020060132022
4615,3.22218849512528
4616,3.12011612612803
4617,3.04623188666699
4618,24.5222585291227
4619,13.9833305273991
4620,7.59977034450347
4621,5.50234241257195
4622,4.19515569473415
4623,3.86186715489693
4624,3.73945024181551
4625,3.65786273756978
4626,6.84079073802197
4627,6.62934358633534
4628,71.9993216601759
4629,49.0399384261503
4630,28.9004135596602
4631,10.2457227620466
4632,5.90902567040739
4633,4.90982024466295
4634,4.86981218660627
4635,4.86835404714688
4636,31.5748661584929
4637,7.11552702927981
4638,2.35171732668608
4639,5.74079823368395
4640,5.78131426059627
4641,24.7018923535286
4642,14.212939018764
4643,7.99859261589267
4644,5.91103328378272
4645,4.66080260604447
4646,4.37683593489885
4647,4.25771965785903
4648,4.17605732088712
4649,24.7018923535286
4650,14.212939018764
4651,7.99859261589267
4652,5.91103328378272
4653,4.66080260604447
4654,4.37683593489885
4655,4.25771965785903
4656,4.17605732088712
4657,7.04441782762376
4658,26.7234193895214
4659,16.143691754968
4660,9.61206666134122
4661,7.48045554542989
4662,6.18022618959295
4663,5.86755653509906
4664,5.69399062994721
4665,5.63664837393211
4666,19.8391457311674
4667,19.8391457311674
4668,3.25320151949733
4669,3.72587148233855
4670,5.53431434750942
4671,6.22627611765347
4672,6.25753807043389
4673,5.3429745148376
4674,4.53920820302919
4675,3.976177967788
4676,22.6260297941708
4677,12.7474339428441
4678,6.72379638454855
4679,4.74990282488053
4680,3.51020060132022
4681,3.22218849512528
4682,3.12011612612803
4683,3.04623188666699
4684,47.5675989479047
4685,7.66937055204557
4686,34.865962683838
4687,24.5616398959697
4688,6.51752758744193
4689,26.7625920371518
4690,16.3280093389551
4691,9.90101577682484
4692,7.82957552535974
4693,6.56163338935624
4694,6.23742822821277
4695,6.09933455967468
4696,6.01375526676025
4697,47.4262103657047
4698,37.6176907776668
4699,22.8006718061559
4700,24.2901791805059
4701,13.9324834498643
4702,7.6722627363381
4703,5.61975605490777
4704,4.3507575859068
4705,4.02131456127751
4706,3.90394869362584
4707,3.83163546092023
4708,4.35948142506189
4709,36.9501535426607
4710,26.7625920371518
4711,16.3280093389551
4712,9.90101577682484
4713,7.82957552535974
4714,6.56163338935624
4715,6.23742822821277
4716,6.09933455967468
4717,6.01375526676025
4718,24.5793486964536
4719,52.628513310033
4720,12.2622045399085
4721,27.7881570753809
4722,8.26025783945472
4723,23.8482426896362
4724,13.7313350436597
4725,7.55773398534525
4726,5.47934683077432
4727,4.18778816245127
4728,3.95128486365538
4729,3.79182403621529
4730,3.68452754495009
4731,12.0277159051915
4732,8.01927405582687
4733,24.5222585291227
4734,13.9833305273991
4735,7.59977034450347
4736,5.50234241257195
4737,4.19515569473415
4738,3.86186715489693
4739,3.73945024181551
4740,3.65786273756978
4741,87.879933786632
4742,61.2840081684434
4743,34.9048274447249
4744,33.1320846134519
4745,31.6249002197257
4746,24.8237393936923
4747,40.1754411689288
4748,32.0934498537811
4749,33.018796411024
4750,30.3181003398478
4751,24.3294579550164
4752,16.3309638919176
4753,11.5105402387255
4754,10.2651207217572
4755,5.24329414827993
4756,10.0996112536144
4757,10.4316184721303
4758,8.01927405582687
4759,66.9157838530883
4760,26.4062246394007
4761,26.7234193895214
4762,16.143691754968
4763,9.61206666134122
4764,7.48045554542989
4765,6.18022618959295
4766,5.86755653509906
4767,5.69399062994721
4768,5.63664837393211
4769,25.4168661888264
4770,2.29550839688448
4771,3.43654249473632
4772,3.09786309420343
4773,36.1406432784233
4774,23.4505220259061
4775,13.582142547537
4776,7.66801076430156
4777,5.62986162161284
4778,4.5181071876791
4779,4.26916282760552
4780,4.08975428511649
4781,4.04758255451973
4782,26.7625920371518
4783,16.3280093389551
4784,9.90101577682484
4785,7.82957552535974
4786,6.56163338935624
4787,6.23742822821277
4788,6.09933455967468
4789,6.01375526676025
4790,26.7234193895214
4791,16.143691754968
4792,9.61206666134122
4793,7.48045554542989
4794,6.18022618959295
4795,5.86755653509906
4796,5.69399062994721
4797,5.63664837393211
4798,56.3964525395931
4799,26.7234193895214
4800,16.143691754968
4801,9.61206666134122
4802,7.48045554542989
4803,6.18022618959295
4804,5.86755653509906
4805,5.69399062994721
4806,5.63664837393211
4807,104.147895774176
4808,34.5827437222837
4809,23.67820284549
4810,12.8737266907109
4811,13.5318806011069
4812,17.7381458787173
4813,11.5163438343244
4814,11.1681361658192
4815,45.5185879817786
4816,22.5542641573075
4817,13.0240844078409
4818,8.71788724582327
4819,79.6570359055033
4820,13.3832833130318
4821,7.67624464720045
4822,3.27151183008976
4823,26.7625920371518
4824,16.3280093389551
4825,9.90101577682484
4826,7.82957552535974
4827,6.56163338935624
4828,6.23742822821277
4829,6.09933455967468
4830,6.01375526676025
4831,147.956356839348
4832,75.2241185752431
4833,48.421004735771
4834,33.5950034749242
4835,24.9218589184291
4836,3.25320151949733
4837,24.9887900051231
4838,12.3289253725932
4839,6.71815141145385
4840,6.08149878249295
4841,5.28933980646616
4842,24.2901791805059
4843,13.9324834498643
4844,7.6722627363381
4845,5.61975605490777
4846,4.3507575859068
4847,4.02131456127751
4848,3.90394869362584
4849,3.83163546092023
4850,24.2901791805059
4851,13.9324834498643
4852,7.6722627363381
4853,5.61975605490777
4854,4.3507575859068
4855,4.02131456127751
4856,3.90394869362584
4857,3.83163546092023
4858,5.65916179934566
4859,33.7382703809942
4860,8.89067102779568
4861,4.56023455235034
4862,10.5442708021115
4863,7.76545820910115
4864,7.42586122772035
4865,26.7234193895214
4866,16.143691754968
4867,9.61206666134122
4868,7.48045554542989
4869,6.18022618959295
4870,5.86755653509906
4871,5.69399062994721
4872,5.63664837393211
4873,3.25320151949733
4874,24.5222585291227
4875,13.9833305273991
4876,7.59977034450347
4877,5.50234241257195
4878,4.19515569473415
4879,3.86186715489693
4880,3.73945024181551
4881,3.65786273756978
4882,24.5222585291227
4883,13.9833305273991
4884,7.59977034450347
4885,5.50234241257195
4886,4.19515569473415
4887,3.86186715489693
4888,3.73945024181551
4889,3.65786273756978
4890,13.3522613194255
4891,22.7991752146335
4892,10.5265328705818
4893,9.59170851256839
4894,8.413830821134
4895,100.804533451442
4896,69.9814164700031
4897,22.5547207517178
4898,26.7234193895214
4899,16.143691754968
4900,9.61206666134122
4901,7.48045554542989
4902,6.18022618959295
4903,5.86755653509906
4904,5.69399062994721
4905,5.63664837393211
4906,26.7234193895214
4907,16.143691754968
4908,9.61206666134122
4909,7.48045554542989
4910,6.18022618959295
4911,5.86755653509906
4912,5.69399062994721
4913,5.63664837393211
4914,16.2604575082872
4915,24.5222585291227
4916,13.9833305273991
4917,7.59977034450347
4918,5.50234241257195
4919,4.19515569473415
4920,3.86186715489693
4921,3.73945024181551
4922,3.65786273756978
4923,3.25320151949733
4924,37.1220525254516
4925,9.52831788363204
4926,47.8763733342203
4927,26.9368320781827
4928,22.3799474984272
4929,18.6137856937009
4930,4.8727450921081
4931,23.6677719159234
4932,13.4730713844553
4933,7.35431232085649
4934,5.33720752530982
4935,4.07969190527036
4936,3.77259940659973
4937,3.64246097809706
4938,3.58003058385868
4939,23.6677719159234
4940,13.4730713844553
4941,7.35431232085649
4942,5.33720752530982
4943,4.07969190527036
4944,3.77259940659973
4945,3.64246097809706
4946,3.58003058385868
4947,22.1747283873959
4948,12.4249677571169
4949,6.57748985949333
4950,4.63815341250557
4951,3.42937039123848
4952,3.12903934548496
4953,3.02141548049434
4954,2.97478154136729
4955,22.1747283873959
4956,12.4249677571169
4957,6.57748985949333
4958,4.63815341250557
4959,3.42937039123848
4960,3.12903934548496
4961,3.02141548049434
4962,2.97478154136729
4963,22.1747283873959
4964,12.4249677571169
4965,6.57748985949333
4966,4.63815341250557
4967,3.42937039123848
4968,3.12903934548496
4969,3.02141548049434
4970,2.97478154136729
4971,20.2900534181738
4972,12.9648367911217
4973,30.4329119463379
4974,6.51717499670817
4975,2.08296048875479
4976,24.1839530444906
4977,14.0775306801046
4978,8.032049460752
4979,6.01378803143455
4980,4.81692017366605
4981,4.56553711353257
4982,4.40744609883132
4983,4.36270506297057
4984,53.0251656318731
4985,31.4392139570339
4986,21.5160885857063
4987,19.6574265211835
4988,26.7234193895214
4989,16.143691754968
4990,9.61206666134122
4991,7.48045554542989
4992,6.18022618959295
4993,5.86755653509906
4994,5.69399062994721
4995,5.63664837393211
4996,24.5222585291227
4997,13.9833305273991
4998,7.59977034450347
4999,5.50234241257195
5000,4.19515569473415
5001,3.86186715489693
5002,3.73945024181551
5003,3.65786273756978
5004,26.7234193895214
5005,16.143691754968
5006,9.61206666134122
5007,7.48045554542989
5008,6.18022618959295
5009,5.86755653509906
5010,5.69399062994721
5011,5.63664837393211
5012,26.7234193895214
5013,16.143691754968
5014,9.61206666134122
5015,7.48045554542989
5016,6.18022618959295
5017,5.86755653509906
5018,5.69399062994721
5019,5.63664837393211
5020,26.7234193895214
5021,16.143691754968
5022,9.61206666134122
5023,7.48045554542989
5024,6.18022618959295
5025,5.86755653509906
5026,5.69399062994721
5027,5.63664837393211
5028,26.7234193895214
5029,16.143691754968
5030,9.61206666134122
5031,7.48045554542989
5032,6.18022618959295
5033,5.86755653509906
5034,5.69399062994721
5035,5.63664837393211
5036,78.3285731411886
5037,29.0560523480288
5038,7.92624402325381
5039,4.1392502219949
5040,29.0560523480288
5041,7.92624402325381
5042,4.1392502219949
5043,10.0963069561364
5044,54.9845692531603
5045,54.9845692531603
5046,7.29086747604272
5047,105.960908488006
5048,62.8291114438445
5049,28.3646222760233
5050,12.3779970826893
5051,8.32680092692326
5052,5.4214347845391
5053,5.19828466470811
5054,5.18808712497826
5055,26.7234193895214
5056,16.143691754968
5057,9.61206666134122
5058,7.48045554542989
5059,6.18022618959295
5060,5.86755653509906
5061,5.69399062994721
5062,5.63664837393211
5063,8.37808967524464
5064,5.20928260113162
5065,29.0560523480288
5066,7.92624402325381
5067,4.1392502219949
5068,30.148050290052
5069,7.00389268010685
5070,2.72748362212379
5071,14.7469894411585
5072,22.1747283873959
5073,12.4249677571169
5074,6.57748985949333
5075,4.63815341250557
5076,3.42937039123848
5077,3.12903934548496
5078,3.02141548049434
5079,2.97478154136729
5080,22.1747283873959
5081,12.4249677571169
5082,6.57748985949333
5083,4.63815341250557
5084,3.42937039123848
5085,3.12903934548496
5086,3.02141548049434
5087,2.97478154136729
5088,22.1747283873959
5089,12.4249677571169
5090,6.57748985949333
5091,4.63815341250557
5092,3.42937039123848
5093,3.12903934548496
5094,3.02141548049434
5095,2.97478154136729
5096,22.1747283873959
5097,12.4249677571169
5098,6.57748985949333
5099,4.63815341250557
5100,3.42937039123848
5101,3.12903934548496
5102,3.02141548049434
5103,2.97478154136729
5104,4.88318197656937
5105,30.4477024875404
5106,17.4118034394648
5107,26.7625920371518
5108,16.3280093389551
5109,9.90101577682484
5110,7.82957552535974
5111,6.56163338935624
5112,6.23742822821277
5113,6.09933455967468
5114,6.01375526676025
5115,5.75285930732689
5116,11.9080292476544
5117,10.1064590005307
5118,15.1989275844086
5119,9.99078073477542
5120,10.8027120752035
5121,6.92581119602194
5122,5.28031273318815
5123,23.3958001887591
5124,17.4173327753097
5125,11.2559082007188
5126,96.9067986740014
5127,27.0050192810229
5128,15.878632335793
5129,10.3882280236062
5130,24.8316316272952
5131,10.2239545154578
5132,9.00528366423104
5133,2.84310418450399
5134,116.968685361839
5135,116.968685361839
5136,4.2347876944652
5137,21.5402179428446
5138,11.9545178239482
5139,6.18274308853252
5140,4.28278940695766
5141,3.08655054349142
5142,2.77778804475034
5143,2.67345061970601
5144,2.62007477606389
5145,127.966508074828
5146,85.7278598270422
5147,39.0868761384809
5148,32.9653476829449
5149,62.0985287532109
5150,40.3785369707829
5151,25.6182413107578
5152,20.017838341188
5153,23.6677719159234
5154,13.4730713844553
5155,7.35431232085649
5156,5.33720752530982
5157,4.07969190527036
5158,3.77259940659973
5159,3.64246097809706
5160,3.58003058385868
5161,22.6260297941708
5162,12.7474339428441
5163,6.72379638454855
5164,4.74990282488053
5165,3.51020060132022
5166,3.22218849512528
5167,3.12011612612803
5168,3.04623188666699
5169,23.6677719159234
5170,13.4730713844553
5171,7.35431232085649
5172,5.33720752530982
5173,4.07969190527036
5174,3.77259940659973
5175,3.64246097809706
5176,3.58003058385868
5177,5.09878029586933
5178,26.7625920371518
5179,16.3280093389551
5180,9.90101577682484
5181,7.82957552535974
5182,6.56163338935624
5183,6.23742822821277
5184,6.09933455967468
5185,6.01375526676025
5186,27.9772219264462
5187,16.4486519225417
5188,31.6944908909637
5189,19.6993804101564
5190,31.6944908909637
5191,21.5402179428446
5192,11.9545178239482
5193,6.18274308853252
5194,4.28278940695766
5195,3.08655054349142
5196,2.77778804475034
5197,2.67345061970601
5198,2.62007477606389
5199,21.5402179428446
5200,11.9545178239482
5201,6.18274308853252
5202,4.28278940695766
5203,3.08655054349142
5204,2.77778804475034
5205,2.67345061970601
5206,2.62007477606389
5207,5.23821739819305
5208,5.48448423892215
5209,24.9312727839081
5210,14.7965696982208
5211,8.61314107229092
5212,6.5010448233443
5213,5.40487726974653
5214,5.1706635806028
5215,5.05211816680521
5216,4.9991496100726
5217,24.9312727839081
5218,14.7965696982208
5219,8.61314107229092
5220,6.5010448233443
5221,5.40487726974653
5222,5.1706635806028
5223,5.05211816680521
5224,4.9991496100726
5225,24.9312727839081
5226,14.7965696982208
5227,8.61314107229092
5228,6.5010448233443
5229,5.40487726974653
5230,5.1706635806028
5231,5.05211816680521
5232,4.9991496100726
5233,24.9312727839081
5234,14.7965696982208
5235,8.61314107229092
5236,6.5010448233443
5237,5.40487726974653
5238,5.1706635806028
5239,5.05211816680521
5240,4.9991496100726
5241,24.9312727839081
5242,14.7965696982208
5243,8.61314107229092
5244,6.5010448233443
5245,5.40487726974653
5246,5.1706635806028
5247,5.05211816680521
5248,4.9991496100726
5249,24.9312727839081
5250,14.7965696982208
5251,8.61314107229092
5252,6.5010448233443
5253,5.40487726974653
5254,5.1706635806028
5255,5.05211816680521
5256,4.9991496100726
5257,24.9312727839081
5258,14.7965696982208
5259,8.61314107229092
5260,6.5010448233443
5261,5.40487726974653
5262,5.1706635806028
5263,5.05211816680521
5264,4.9991496100726
5265,24.9312727839081
5266,14.7965696982208
5267,8.61314107229092
5268,6.5010448233443
5269,5.40487726974653
5270,5.1706635806028
5271,5.05211816680521
5272,4.9991496100726
5273,41.9213190365358
5274,29.5375713414274
5275,31.5306739128912
5276,3.05167103757076
5277,31.5306739128912
5278,3.05167103757076
5279,4.45125080474369
5280,4.27629797627725
5281,4.28870803959426
5282,4.30940266409975
5283,168.143816131861
5284,24.579488918241
5285,5.48650305515922
5286,5.48650305515922
5287,11.072393301233
5288,8.69023616262579
5289,9.29030182503267
5290,22.6260297941708
5291,12.7474339428441
5292,6.72379638454855
5293,4.74990282488053
5294,3.51020060132022
5295,3.22218849512528
5296,3.12011612612803
5297,3.04623188666699
5298,138.137267037219
5299,69.5798230713165
5300,39.202804534203
5301,40.0491179283866
5302,32.8920845151843
5303,122.938281866036
5304,89.2993132337073
5305,76.5838270211947
5306,27.8091401993138
5307,22.2453874257454
5308,20.5841057965253
5309,14.3061474459028
5310,10.4289108462788
5311,22.6260297941708
5312,12.7474339428441
5313,6.72379638454855
5314,4.74990282488053
5315,3.51020060132022
5316,3.22218849512528
5317,3.12011612612803
5318,3.04623188666699
5319,31.5653732705175
5320,26.7625920371518
5321,16.3280093389551
5322,9.90101577682484
5323,7.82957552535974
5324,6.56163338935624
5325,6.23742822821277
5326,6.09933455967468
5327,6.01375526676025
5328,21.5402179428446
5329,11.9545178239482
5330,6.18274308853252
5331,4.28278940695766
5332,3.08655054349142
5333,2.77778804475034
5334,2.67345061970601
5335,2.62007477606389
5336,21.5402179428446
5337,11.9545178239482
5338,6.18274308853252
5339,4.28278940695766
5340,3.08655054349142
5341,2.77778804475034
5342,2.67345061970601
5343,2.62007477606389
5344,40.2951251151958
5345,21.3997683842419
5346,11.8085618428963
5347,6.03272181528933
5348,4.12991684802924
5349,2.9379857272029
5350,2.61018401235611
5351,2.48847603026307
5352,2.44162692340168
5353,21.3997683842419
5354,11.8085618428963
5355,6.03272181528933
5356,4.12991684802924
5357,2.9379857272029
5358,2.61018401235611
5359,2.48847603026307
5360,2.44162692340168
5361,41.869159683529
5362,21.5402179428446
5363,11.9545178239482
5364,6.18274308853252
5365,4.28278940695766
5366,3.08655054349142
5367,2.77778804475034
5368,2.67345061970601
5369,2.62007477606389
5370,21.3997683842419
5371,11.8085618428963
5372,6.03272181528933
5373,4.12991684802924
5374,2.9379857272029
5375,2.61018401235611
5376,2.48847603026307
5377,2.44162692340168
5378,21.3997683842419
5379,11.8085618428963
5380,6.03272181528933
5381,4.12991684802924
5382,2.9379857272029
5383,2.61018401235611
5384,2.48847603026307
5385,2.44162692340168
5386,21.3997683842419
5387,11.8085618428963
5388,6.03272181528933
5389,4.12991684802924
5390,2.9379857272029
5391,2.61018401235611
5392,2.48847603026307
5393,2.44162692340168
5394,21.3997683842419
5395,11.8085618428963
5396,6.03272181528933
5397,4.12991684802924
5398,2.9379857272029
5399,2.61018401235611
5400,2.48847603026307
5401,2.44162692340168
5402,26.7234193895214
5403,16.143691754968
5404,9.61206666134122
5405,7.48045554542989
5406,6.18022618959295
5407,5.86755653509906
5408,5.69399062994721
5409,5.63664837393211
5410,24.5222585291227
5411,13.9833305273991
5412,7.59977034450347
5413,5.50234241257195
5414,4.19515569473415
5415,3.86186715489693
5416,3.73945024181551
5417,3.65786273756978
5418,26.7625920371518
5419,16.3280093389551
5420,9.90101577682484
5421,7.82957552535974
5422,6.56163338935624
5423,6.23742822821277
5424,6.09933455967468
5425,6.01375526676025
5426,5.59622191815002
5427,24.7018923535286
5428,14.212939018764
5429,7.99859261589267
5430,5.91103328378272
5431,4.66080260604447
5432,4.37683593489885
5433,4.25771965785903
5434,4.17605732088712
5435,5.42806359469055
5436,5.41212293336067
5437,5.4417047527902
5438,5.44188632851135
5439,5.38483004639679
5440,6.54034442438979
5441,7.76712287798446
5442,17.1979111505722
5443,12.5994382270041
5444,10.4933637515254
5445,7.30898113578487
5446,6.72231091113982
5447,6.09832410152013
5448,21.5402179428446
5449,11.9545178239482
5450,6.18274308853252
5451,4.28278940695766
5452,3.08655054349142
5453,2.77778804475034
5454,2.67345061970601
5455,2.62007477606389
5456,24.2901791805059
5457,13.9324834498643
5458,7.6722627363381
5459,5.61975605490777
5460,4.3507575859068
5461,4.02131456127751
5462,3.90394869362584
5463,3.83163546092023
5464,15.5248648650141
5465,13.2107724211732
5466,3.25320151949733
5467,26.7625920371518
5468,16.3280093389551
5469,9.90101577682484
5470,7.82957552535974
5471,6.56163338935624
5472,6.23742822821277
5473,6.09933455967468
5474,6.01375526676025
5475,19.1623474608429
5476,12.1419295328287
5477,23.6677719159234
5478,13.4730713844553
5479,7.35431232085649
5480,5.33720752530982
5481,4.07969190527036
5482,3.77259940659973
5483,3.64246097809706
5484,3.58003058385868
5485,11.9107492139143
5486,229.282999168297
5487,96.7748349218889
5488,70.9495463565669
5489,12.2526721329329
5490,7.99734252289924
5491,12.2535197242868
5492,12.2526721329329
5493,26.7234193895214
5494,16.143691754968
5495,9.61206666134122
5496,7.48045554542989
5497,6.18022618959295
5498,5.86755653509906
5499,5.69399062994721
5500,5.63664837393211
5501,8.76313803962605
5502,5.58992029671586
5503,26.7234193895214
5504,16.143691754968
5505,9.61206666134122
5506,7.48045554542989
5507,6.18022618959295
5508,5.86755653509906
5509,5.69399062994721
5510,5.63664837393211
5511,24.5222585291227
5512,13.9833305273991
5513,7.59977034450347
5514,5.50234241257195
5515,4.19515569473415
5516,3.86186715489693
5517,3.73945024181551
5518,3.65786273756978
5519,58.0300289726417
5520,6.24424612119457
5521,26.7234193895214
5522,16.143691754968
5523,9.61206666134122
5524,7.48045554542989
5525,6.18022618959295
5526,5.86755653509906
5527,5.69399062994721
5528,5.63664837393211
5529,20.0940383883153
5530,16.9116656966625
5531,16.4862236407262
5532,15.2255832944106
5533,62.9392632245177
5534,38.5603565811461
5535,29.7653832193616
5536,19.0957718429287
5537,14.5251206764485
5538,61.2474240186552
5539,36.3188570546261
5540,26.1141861629391
5541,16.2549944451554
5542,13.1607270169465
5543,24.5222585291227
5544,13.9833305273991
5545,7.59977034450347
5546,5.50234241257195
5547,4.19515569473415
5548,3.86186715489693
5549,3.73945024181551
5550,3.65786273756978
5551,22.6260297941708
5552,12.7474339428441
5553,6.72379638454855
5554,4.74990282488053
5555,3.51020060132022
5556,3.22218849512528
5557,3.12011612612803
5558,3.04623188666699
5559,24.5222585291227
5560,13.9833305273991
5561,7.59977034450347
5562,5.50234241257195
5563,4.19515569473415
5564,3.86186715489693
5565,3.73945024181551
5566,3.65786273756978
5567,24.5222585291227
5568,13.9833305273991
5569,7.59977034450347
5570,5.50234241257195
5571,4.19515569473415
5572,3.86186715489693
5573,3.73945024181551
5574,3.65786273756978
5575,6.29681307394946
5576,6.65016491671567
5577,6.75498062902889
5578,6.7419083205066
5579,51.7634689216183
5580,25.1952665926759
5581,15.864498414945
5582,9.86542702751826
5583,7.96893601211175
5584,7.35313728163155
5585,18.6973951713523
5586,70.527409590367
5587,37.2568350740954
5588,24.2311537033715
5589,13.039201164274
5590,9.04890660475035
5591,8.87555624654038
5592,25.2201043167176
5593,15.4124761300228
5594,9.58431023381071
5595,7.61884995742333
5596,6.29160034911094
5597,6.05894376834789
5598,5.8604709587276
5599,5.75719041473762
5600,17.5295697756991
5601,2.80383606848504
5602,3.65932738302492
5603,23.6677719159234
5604,13.4730713844553
5605,7.35431232085649
5606,5.33720752530982
5607,4.07969190527036
5608,3.77259940659973
5609,3.64246097809706
5610,3.58003058385868
5611,26.7234193895214
5612,16.143691754968
5613,9.61206666134122
5614,7.48045554542989
5615,6.18022618959295
5616,5.86755653509906
5617,5.69399062994721
5618,5.63664837393211
5619,26.7234193895214
5620,16.143691754968
5621,9.61206666134122
5622,7.48045554542989
5623,6.18022618959295
5624,5.86755653509906
5625,5.69399062994721
5626,5.63664837393211
5627,4.83650756219293
5628,4.42809776197921
5629,4.14800056201105
5630,3.94977640163889
5631,13.758306857198
5632,22.6260297941708
5633,12.7474339428441
5634,6.72379638454855
5635,4.74990282488053
5636,3.51020060132022
5637,3.22218849512528
5638,3.12011612612803
5639,3.04623188666699
5640,22.6260297941708
5641,12.7474339428441
5642,6.72379638454855
5643,4.74990282488053
5644,3.51020060132022
5645,3.22218849512528
5646,3.12011612612803
5647,3.04623188666699
5648,22.6260297941708
5649,12.7474339428441
5650,6.72379638454855
5651,4.74990282488053
5652,3.51020060132022
5653,3.22218849512528
5654,3.12011612612803
5655,3.04623188666699
5656,63.4684227212659
5657,8.33738645953309
5658,24.7056047648811
5659,25.233165060712
5660,29.6156062922601
5661,5.53431434750942
5662,3.27151183008976
5663,26.7625920371518
5664,16.3280093389551
5665,9.90101577682484
5666,7.82957552535974
5667,6.56163338935624
5668,6.23742822821277
5669,6.09933455967468
5670,6.01375526676025
5671,26.7234193895214
5672,16.143691754968
5673,9.61206666134122
5674,7.48045554542989
5675,6.18022618959295
5676,5.86755653509906
5677,5.69399062994721
5678,5.63664837393211
5679,8.62143459347935
5680,8.62143459347935
5681,25.6554829258518
5682,17.70492804643
5683,71.316052995423
5684,47.2159271283268
5685,25.5128210432924
5686,19.1974141376977
5687,26.7234193895214
5688,16.143691754968
5689,9.61206666134122
5690,7.48045554542989
5691,6.18022618959295
5692,5.86755653509906
5693,5.69399062994721
5694,5.63664837393211
5695,26.7234193895214
5696,16.143691754968
5697,9.61206666134122
5698,7.48045554542989
5699,6.18022618959295
5700,5.86755653509906
5701,5.69399062994721
5702,5.63664837393211
5703,26.7234193895214
5704,16.143691754968
5705,9.61206666134122
5706,7.48045554542989
5707,6.18022618959295
5708,5.86755653509906
5709,5.69399062994721
5710,5.63664837393211
5711,26.7234193895214
5712,16.143691754968
5713,9.61206666134122
5714,7.48045554542989
5715,6.18022618959295
5716,5.86755653509906
5717,5.69399062994721
5718,5.63664837393211
5719,26.7234193895214
5720,16.143691754968
5721,9.61206666134122
5722,7.48045554542989
5723,6.18022618959295
5724,5.86755653509906
5725,5.69399062994721
5726,5.63664837393211
5727,26.7234193895214
5728,16.143691754968
5729,9.61206666134122
5730,7.48045554542989
5731,6.18022618959295
5732,5.86755653509906
5733,5.69399062994721
5734,5.63664837393211
5735,26.7234193895214
5736,16.143691754968
5737,9.61206666134122
5738,7.48045554542989
5739,6.18022618959295
5740,5.86755653509906
5741,5.69399062994721
5742,5.63664837393211
5743,26.7234193895214
5744,16.143691754968
5745,9.61206666134122
5746,7.48045554542989
5747,6.18022618959295
5748,5.86755653509906
5749,5.69399062994721
5750,5.63664837393211
5751,26.7234193895214
5752,16.143691754968
5753,9.61206666134122
5754,7.48045554542989
5755,6.18022618959295
5756,5.86755653509906
5757,5.69399062994721
5758,5.63664837393211
5759,26.7625920371518
5760,16.3280093389551
5761,9.90101577682484
5762,7.82957552535974
5763,6.56163338935624
5764,6.23742822821277
5765,6.09933455967468
5766,6.01375526676025
5767,22.1747283873959
5768,12.4249677571169
5769,6.57748985949333
5770,4.63815341250557
5771,3.42937039123848
5772,3.12903934548496
5773,3.02141548049434
5774,2.97478154136729
5775,22.1747283873959
5776,12.4249677571169
5777,6.57748985949333
5778,4.63815341250557
5779,3.42937039123848
5780,3.12903934548496
5781,3.02141548049434
5782,2.97478154136729
5783,24.2136249982959
5784,13.8929830159353
5785,7.56995301039496
5786,5.51414273251744
5787,4.23604294634684
5788,3.95826472829493
5789,3.84763618574195
5790,3.78438709205258
5791,22.1747283873959
5792,12.4249677571169
5793,6.57748985949333
5794,4.63815341250557
5795,3.42937039123848
5796,3.12903934548496
5797,3.02141548049434
5798,2.97478154136729
5799,22.1747283873959
5800,12.4249677571169
5801,6.57748985949333
5802,4.63815341250557
5803,3.42937039123848
5804,3.12903934548496
5805,3.02141548049434
5806,2.97478154136729
5807,24.2136249982959
5808,13.8929830159353
5809,7.56995301039496
5810,5.51414273251744
5811,4.23604294634684
5812,3.95826472829493
5813,3.84763618574195
5814,3.78438709205258
5815,55.6777849355729
5816,24.5222585291227
5817,13.9833305273991
5818,7.59977034450347
5819,5.50234241257195
5820,4.19515569473415
5821,3.86186715489693
5822,3.73945024181551
5823,3.65786273756978
5824,8.24304297998621
5825,30.324704993519
5826,19.0264132119737
5827,13.5720465958726
5828,12.0360176506612
5829,8.92068773085078
5830,26.7234193895214
5831,16.143691754968
5832,9.61206666134122
5833,7.48045554542989
5834,6.18022618959295
5835,5.86755653509906
5836,5.69399062994721
5837,5.63664837393211
5838,26.7234193895214
5839,16.143691754968
5840,9.61206666134122
5841,7.48045554542989
5842,6.18022618959295
5843,5.86755653509906
5844,5.69399062994721
5845,5.63664837393211
5846,26.7234193895214
5847,16.143691754968
5848,9.61206666134122
5849,7.48045554542989
5850,6.18022618959295
5851,5.86755653509906
5852,5.69399062994721
5853,5.63664837393211
5854,7.40741983982583
5855,7.40741983982583
5856,26.7234193895214
5857,16.143691754968
5858,9.61206666134122
5859,7.48045554542989
5860,6.18022618959295
5861,5.86755653509906
5862,5.69399062994721
5863,5.63664837393211
5864,23.6677719159234
5865,13.4730713844553
5866,7.35431232085649
5867,5.33720752530982
5868,4.07969190527036
5869,3.77259940659973
5870,3.64246097809706
5871,3.58003058385868
5872,11.9038976051241
5873,12.2800845375012
5874,15.3567937352269
5875,51.4475636685265
5876,51.4475636685265
5877,51.4475636685265
5878,4.4390936396036
5879,4.99355424736957
5880,3.96036179360097
5881,3.72941383461967
5882,14.2215820360653
5883,12.7194149379146
5884,8.8710207240154
5885,7.75002295610069
5886,6.19812177029909
5887,14.8472175740057
5888,12.1304312432101
5889,8.19481182421227
5890,7.36111408789969
5891,56.1236793710175
5892,10.2113732782256
5893,7.01017128780446
5894,6.8062624022295
5895,6.67617060734007
5896,6.48441767546352
5897,52.412520791705
5898,41.5407667896144
5899,12.5957529429985
5900,11.9834610889892
5901,22.3252990144224
5902,3.10867692640848
5903,3.46384456578014
5904,26.7234193895214
5905,16.143691754968
5906,9.61206666134122
5907,7.48045554542989
5908,6.18022618959295
5909,5.86755653509906
5910,5.69399062994721
5911,5.63664837393211
5912,8.24304297998621
5913,8.24304297998621
5914,26.7234193895214
5915,16.143691754968
5916,9.61206666134122
5917,7.48045554542989
5918,6.18022618959295
5919,5.86755653509906
5920,5.69399062994721
5921,5.63664837393211
5922,22.6260297941708
5923,12.7474339428441
5924,6.72379638454855
5925,4.74990282488053
5926,3.51020060132022
5927,3.22218849512528
5928,3.12011612612803
5929,3.04623188666699
5930,58.4687399487077
5931,38.3524704193341
5932,32.9996905290496
5933,30.7606817952389
5934,16.0192191497959
5935,26.6615447268362
5936,134.429297320854
5937,26.6615447268362
5938,47.7858830904595
5939,33.7382703809942
5940,8.89067102779568
5941,4.56023455235034
5942,24.0350730478665
5943,14.0808421758205
5944,8.18292367356611
5945,6.20423437449385
5946,5.03515806242805
5947,4.69198151300736
5948,4.50938557795379
5949,40.6352682470801
5950,25.761314452704
5951,15.3857816049496
5952,10.1911125798617
5953,9.09157811100505
5954,8.05971460528186
5955,28.0791358752344
5956,16.4881200742277
5957,37.3903565685607
5958,22.6939051908718
5959,15.6571442132461
5960,11.4473264809894
5961,9.92859664720278
5962,55.6566158257767
5963,28.4536007969406
5964,24.439843095717
5965,28.2582226462995
5966,20.6493861113461
5967,37.3903565685607
5968,22.6939051908718
5969,15.6571442132461
5970,11.4473264809894
5971,9.92859664720278
5972,33.4002607297173
5973,18.4724354802969
5974,12.3924270216732
5975,8.52316183677528
5976,5.49707983439225
5977,17.9126492166927
5978,17.9657811938488
5979,14.8166960693777
5980,9.28356122711073
5981,6.66839863759501
5982,23.6677719159234
5983,13.4730713844553
5984,7.35431232085649
5985,5.33720752530982
5986,4.07969190527036
5987,3.77259940659973
5988,3.64246097809706
5989,3.58003058385868
5990,24.1839530444906
5991,14.0775306801046
5992,8.032049460752
5993,6.01378803143455
5994,4.81692017366605
5995,4.56553711353257
5996,4.40744609883132
5997,4.36270506297057
5998,24.1839530444906
5999,14.0775306801046
6000,8.032049460752
6001,6.01378803143455
6002,4.81692017366605
6003,4.56553711353257
6004,4.40744609883132
6005,4.36270506297057
6006,23.5826298426338
6007,15.0863903005295
6008,13.9045095663414
6009,9.30756981662326
6010,8.03987404440245
6011,94.3236399904296
6012,16.0958250031829
6013,23.6677719159234
6014,13.4730713844553
6015,7.35431232085649
6016,5.33720752530982
6017,4.07969190527036
6018,3.77259940659973
6019,3.64246097809706
6020,3.58003058385868
6021,39.7027700753154
6022,27.9353197533326
6023,20.245753182607
6024,18.372104028196
6025,19.0565349491781
6026,18.8998023410424
6027,18.000936416787
6028,15.5404916263152
6029,24.0350730478665
6030,14.0808421758205
6031,8.18292367356611
6032,6.20423437449385
6033,5.03515806242805
6034,4.69198151300736
6035,4.50938557795379
6036,24.0350730478665
6037,14.0808421758205
6038,8.18292367356611
6039,6.20423437449385
6040,5.03515806242805
6041,4.69198151300736
6042,4.50938557795379
6043,18.117181515399
6044,31.5306739128912
6045,7.47655803600026
6046,3.05167103757076
6047,31.5306739128912
6048,7.47655803600026
6049,3.05167103757076
6050,31.8997154232365
6051,9.15917985594903
6052,3.89924614931681
6053,25.0694250530714
6054,20.9580664116277
6055,12.9724874562256
6056,11.9307202602764
6057,11.1214243080134
6058,24.9307754148603
6059,14.5275044221937
6060,8.07609013114248
6061,6.03045160920204
6062,4.68776836222145
6063,4.44634185290089
6064,4.30140865226344
6065,4.2517046861084
6066,10.298530319378
6067,4.57316942786217
6068,31.5306739128912
6069,7.47655803600026
6070,3.05167103757076
6071,24.5222585291227
6072,13.9833305273991
6073,7.59977034450347
6074,5.50234241257195
6075,4.19515569473415
6076,3.86186715489693
6077,3.73945024181551
6078,3.65786273756978
6079,22.6260297941708
6080,12.7474339428441
6081,6.72379638454855
6082,4.74990282488053
6083,3.51020060132022
6084,3.22218849512528
6085,3.12011612612803
6086,3.04623188666699
6087,14.1157414836535
6088,33.2119567436948
6089,13.7091878559744
6090,10.165805216084
6091,6.03330531837321
6092,4.4015175954671
6093,4.03992068243242
6094,22.6260297941708
6095,12.7474339428441
6096,6.72379638454855
6097,4.74990282488053
6098,3.51020060132022
6099,3.22218849512528
6100,3.12011612612803
6101,3.04623188666699
6102,5.48234738902935
6103,46.0955866342464
6104,26.2129527794091
6105,27.2550172232974
6106,20.1772957401534
6107,20.6937369730306
6108,9.81839076526929
6109,22.193689207084
6110,24.2136249982959
6111,13.8929830159353
6112,7.56995301039496
6113,5.51414273251744
6114,4.23604294634684
6115,3.95826472829493
6116,3.84763618574195
6117,3.78438709205258
6118,8.1772639495221
6119,70.5429932127032
6120,25.7647713976918
6121,24.9312727839081
6122,14.7965696982208
6123,8.61314107229092
6124,6.5010448233443
6125,5.40487726974653
6126,5.1706635806028
6127,5.05211816680521
6128,4.9991496100726
6129,26.7625920371518
6130,16.3280093389551
6131,9.90101577682484
6132,7.82957552535974
6133,6.56163338935624
6134,6.23742822821277
6135,6.09933455967468
6136,6.01375526676025
6137,33.5897173013236
6138,17.6664569336915
6139,10.3898811941551
6140,7.52423272256417
6141,6.7525212145251
6142,1.18464018109848
6143,6.17471289813098
6144,18.3006627792028
6145,24.2136249982959
6146,13.8929830159353
6147,7.56995301039496
6148,5.51414273251744
6149,4.23604294634684
6150,3.95826472829493
6151,3.84763618574195
6152,3.78438709205258
6153,22.1747283873959
6154,12.4249677571169
6155,6.57748985949333
6156,4.63815341250557
6157,3.42937039123848
6158,3.12903934548496
6159,3.02141548049434
6160,2.97478154136729
6161,26.7625920371518
6162,16.3280093389551
6163,9.90101577682484
6164,7.82957552535974
6165,6.56163338935624
6166,6.23742822821277
6167,6.09933455967468
6168,6.01375526676025
6169,8.87943850925754
6170,8.87943850925754
6171,9.626503776724
6172,29.5653322387918
6173,12.5084941725838
6174,11.6853725561267
6175,10.6227816059794
6176,24.5222585291227
6177,13.9833305273991
6178,7.59977034450347
6179,5.50234241257195
6180,4.19515569473415
6181,3.86186715489693
6182,3.73945024181551
6183,3.65786273756978
6184,26.7625920371518
6185,16.3280093389551
6186,9.90101577682484
6187,7.82957552535974
6188,6.56163338935624
6189,6.23742822821277
6190,6.09933455967468
6191,6.01375526676025
6192,24.5222585291227
6193,13.9833305273991
6194,7.59977034450347
6195,5.50234241257195
6196,4.19515569473415
6197,3.86186715489693
6198,3.73945024181551
6199,3.65786273756978
6200,24.5222585291227
6201,13.9833305273991
6202,7.59977034450347
6203,5.50234241257195
6204,4.19515569473415
6205,3.86186715489693
6206,3.73945024181551
6207,3.65786273756978
6208,24.5222585291227
6209,13.9833305273991
6210,7.59977034450347
6211,5.50234241257195
6212,4.19515569473415
6213,3.86186715489693
6214,3.73945024181551
6215,3.65786273756978
6216,24.5222585291227
6217,13.9833305273991
6218,7.59977034450347
6219,5.50234241257195
6220,4.19515569473415
6221,3.86186715489693
6222,3.73945024181551
6223,3.65786273756978
6224,24.5222585291227
6225,13.9833305273991
6226,7.59977034450347
6227,5.50234241257195
6228,4.19515569473415
6229,3.86186715489693
6230,3.73945024181551
6231,3.65786273756978
6232,24.5222585291227
6233,13.9833305273991
6234,7.59977034450347
6235,5.50234241257195
6236,4.19515569473415
6237,3.86186715489693
6238,3.73945024181551
6239,3.65786273756978
6240,24.5222585291227
6241,13.9833305273991
6242,7.59977034450347
6243,5.50234241257195
6244,4.19515569473415
6245,3.86186715489693
6246,3.73945024181551
6247,3.65786273756978
6248,24.5222585291227
6249,13.9833305273991
6250,7.59977034450347
6251,5.50234241257195
6252,4.19515569473415
6253,3.86186715489693
6254,3.73945024181551
6255,3.65786273756978
6256,24.5222585291227
6257,13.9833305273991
6258,7.59977034450347
6259,5.50234241257195
6260,4.19515569473415
6261,3.86186715489693
6262,3.73945024181551
6263,3.65786273756978
6264,24.5222585291227
6265,13.9833305273991
6266,7.59977034450347
6267,5.50234241257195
6268,4.19515569473415
6269,3.86186715489693
6270,3.73945024181551
6271,3.65786273756978
6272,24.5222585291227
6273,13.9833305273991
6274,7.59977034450347
6275,5.50234241257195
6276,4.19515569473415
6277,3.86186715489693
6278,3.73945024181551
6279,3.65786273756978
6280,24.5222585291227
6281,13.9833305273991
6282,7.59977034450347
6283,5.50234241257195
6284,4.19515569473415
6285,3.86186715489693
6286,3.73945024181551
6287,3.65786273756978
6288,26.7625920371518
6289,16.3280093389551
6290,9.90101577682484
6291,7.82957552535974
6292,6.56163338935624
6293,6.23742822821277
6294,6.09933455967468
6295,6.01375526676025
6296,7.91404134560583
6297,7.91404134560583
6298,7.91404134560583
6299,6.42187711866531
6300,38.8768157607307
6301,25.8681601783304
6302,6.02213720942807
6303,5.52362664575401
6304,5.07664348825042
6305,42.2428037267454
6306,84.3381839473093
6307,52.1152730240899
6308,28.1400189028669
6309,24.2901791805059
6310,13.9324834498643
6311,7.6722627363381
6312,5.61975605490777
6313,4.3507575859068
6314,4.02131456127751
6315,3.90394869362584
6316,3.83163546092023
6317,59.0555700207169
6318,59.0555700207169
6319,20.1772957401534
6320,23.6677719159234
6321,13.4730713844553
6322,7.35431232085649
6323,5.33720752530982
6324,4.07969190527036
6325,3.77259940659973
6326,3.64246097809706
6327,3.58003058385868
6328,23.6677719159234
6329,13.4730713844553
6330,7.35431232085649
6331,5.33720752530982
6332,4.07969190527036
6333,3.77259940659973
6334,3.64246097809706
6335,3.58003058385868
6336,26.1270150857523
6337,18.3006627792028
6338,18.3006627792028
6339,5.3676411101568
6340,10.8346404837815
6341,11.2384274225707
6342,39.180340031723
6343,1.90346988452865
6344,24.2136249982959
6345,13.8929830159353
6346,7.56995301039496
6347,5.51414273251744
6348,4.23604294634684
6349,3.95826472829493
6350,3.84763618574195
6351,3.78438709205258
6352,24.2136249982959
6353,13.8929830159353
6354,7.56995301039496
6355,5.51414273251744
6356,4.23604294634684
6357,3.95826472829493
6358,3.84763618574195
6359,3.78438709205258
6360,24.0350730478665
6361,14.0808421758205
6362,8.18292367356611
6363,6.20423437449385
6364,5.03515806242805
6365,4.69198151300736
6366,4.50938557795379
6367,24.2136249982959
6368,13.8929830159353
6369,7.56995301039496
6370,5.51414273251744
6371,4.23604294634684
6372,3.95826472829493
6373,3.84763618574195
6374,3.78438709205258
6375,24.2136249982959
6376,13.8929830159353
6377,7.56995301039496
6378,5.51414273251744
6379,4.23604294634684
6380,3.95826472829493
6381,3.84763618574195
6382,3.78438709205258
6383,24.5222585291227
6384,13.9833305273991
6385,7.59977034450347
6386,5.50234241257195
6387,4.19515569473415
6388,3.86186715489693
6389,3.73945024181551
6390,3.65786273756978
6391,72.8219084621638
6392,29.7880780790862
6393,12.6601645186967
6394,7.11713164137785
6395,4.62565502491742
6396,10.521990703286
6397,29.8315729923201
6398,16.1102122793298
6399,9.47127535729077
6400,6.61102792869002
6401,5.31266913197506
6402,4.97922105457318
6403,21.5402179428446
6404,11.9545178239482
6405,6.18274308853252
6406,4.28278940695766
6407,3.08655054349142
6408,2.77778804475034
6409,2.67345061970601
6410,2.62007477606389
6411,8.6673069588445
6412,9.285437745062
6413,7.91404134560583
6414,6.65731119478861
6415,24.9307754148603
6416,14.5275044221937
6417,8.07609013114248
6418,6.03045160920204
6419,4.68776836222145
6420,4.44634185290089
6421,4.30140865226344
6422,4.2517046861084
6423,14.3703441727851
6424,16.367314114196
6425,24.0350730478665
6426,14.0808421758205
6427,8.18292367356611
6428,6.20423437449385
6429,5.03515806242805
6430,4.69198151300736
6431,4.50938557795379
6432,24.0350730478665
6433,14.0808421758205
6434,8.18292367356611
6435,6.20423437449385
6436,5.03515806242805
6437,4.69198151300736
6438,4.50938557795379
6439,26.7625920371518
6440,16.3280093389551
6441,9.90101577682484
6442,7.82957552535974
6443,6.56163338935624
6444,6.23742822821277
6445,6.09933455967468
6446,6.01375526676025
6447,162.375515458136
6448,86.2391344431364
6449,52.9749830802233
6450,34.4588717611202
6451,25.2213288301954
6452,22.5342232450876
6453,51.012910443209
6454,27.2129686749594
6455,11.4191294360928
6456,12.4407753396756
6457,10.8666127432966
6458,15.7480338049453
6459,15.1744726626665
6460,9.80092762596105
6461,10.054790612585
6462,9.36219182739902
6463,10.8508612667469
6464,10.8508612667469
6465,10.8508612667469
6466,10.8508612667469
6467,5.8055501018366
6468,20.6759467095165
6469,20.6759467095165
6470,10.6327569816812
6471,20.2404152501349
6472,31.219666079608
6473,10.557642501501
6474,9.41733779003941
6475,8.75270753293253
6476,39.1799207139663
6477,28.644085825992
6478,12.0509619640678
6479,11.5701739202012
6480,10.5508231847793
6481,9.02662470924171
6482,22.1747283873959
6483,12.4249677571169
6484,6.57748985949333
6485,4.63815341250557
6486,3.42937039123848
6487,3.12903934548496
6488,3.02141548049434
6489,2.97478154136729
6490,23.6677719159234
6491,13.4730713844553
6492,7.35431232085649
6493,5.33720752530982
6494,4.07969190527036
6495,3.77259940659973
6496,3.64246097809706
6497,3.58003058385868
6498,22.1747283873959
6499,12.4249677571169
6500,6.57748985949333
6501,4.63815341250557
6502,3.42937039123848
6503,3.12903934548496
6504,3.02141548049434
6505,2.97478154136729
6506,22.1747283873959
6507,12.4249677571169
6508,6.57748985949333
6509,4.63815341250557
6510,3.42937039123848
6511,3.12903934548496
6512,3.02141548049434
6513,2.97478154136729
6514,24.551855434433
6515,3.92220868500017
6516,10.7143703551206
6517,10.5850342842411
6518,23.2253029573221
6519,22.6260297941708
6520,12.7474339428441
6521,6.72379638454855
6522,4.74990282488053
6523,3.51020060132022
6524,3.22218849512528
6525,3.12011612612803
6526,3.04623188666699
6527,15.2288909198693
6528,8.19874562587453
6529,7.19780021901649
6530,27.044907562535
6531,7.41588524140854
6532,23.6677719159234
6533,13.4730713844553
6534,7.35431232085649
6535,5.33720752530982
6536,4.07969190527036
6537,3.77259940659973
6538,3.64246097809706
6539,3.58003058385868
6540,26.7234193895214
6541,16.143691754968
6542,9.61206666134122
6543,7.48045554542989
6544,6.18022618959295
6545,5.86755653509906
6546,5.69399062994721
6547,5.63664837393211
6548,26.7625920371518
6549,16.3280093389551
6550,9.90101577682484
6551,7.82957552535974
6552,6.56163338935624
6553,6.23742822821277
6554,6.09933455967468
6555,6.01375526676025
6556,24.9312727839081
6557,14.7965696982208
6558,8.61314107229092
6559,6.5010448233443
6560,5.40487726974653
6561,5.1706635806028
6562,5.05211816680521
6563,4.9991496100726
6564,26.7234193895214
6565,16.143691754968
6566,9.61206666134122
6567,7.48045554542989
6568,6.18022618959295
6569,5.86755653509906
6570,5.69399062994721
6571,5.63664837393211
6572,24.5222585291227
6573,13.9833305273991
6574,7.59977034450347
6575,5.50234241257195
6576,4.19515569473415
6577,3.86186715489693
6578,3.73945024181551
6579,3.65786273756978
6580,36.2684575973131
6581,26.7234193895214
6582,16.143691754968
6583,9.61206666134122
6584,7.48045554542989
6585,6.18022618959295
6586,5.86755653509906
6587,5.69399062994721
6588,5.63664837393211
6589,6.47151117738594
6590,17.6909094341502
6591,14.9804463634242
6592,12.9866863784985
6593,10.932584143045
6594,8.75188550740649
6595,5.47770580421752
6596,26.7234193895214
6597,16.143691754968
6598,9.61206666134122
6599,7.48045554542989
6600,6.18022618959295
6601,5.86755653509906
6602,5.69399062994721
6603,5.63664837393211
6604,10.3842301158758
6605,14.6521312590277
6606,24.2136249982959
6607,13.8929830159353
6608,7.56995301039496
6609,5.51414273251744
6610,4.23604294634684
6611,3.95826472829493
6612,3.84763618574195
6613,3.78438709205258
6614,24.2136249982959
6615,13.8929830159353
6616,7.56995301039496
6617,5.51414273251744
6618,4.23604294634684
6619,3.95826472829493
6620,3.84763618574195
6621,3.78438709205258
6622,24.2136249982959
6623,13.8929830159353
6624,7.56995301039496
6625,5.51414273251744
6626,4.23604294634684
6627,3.95826472829493
6628,3.84763618574195
6629,3.78438709205258
6630,24.2136249982959
6631,13.8929830159353
6632,7.56995301039496
6633,5.51414273251744
6634,4.23604294634684
6635,3.95826472829493
6636,3.84763618574195
6637,3.78438709205258
6638,23.6677719159234
6639,13.4730713844553
6640,7.35431232085649
6641,5.33720752530982
6642,4.07969190527036
6643,3.77259940659973
6644,3.64246097809706
6645,3.58003058385868
6646,23.6677719159234
6647,13.4730713844553
6648,7.35431232085649
6649,5.33720752530982
6650,4.07969190527036
6651,3.77259940659973
6652,3.64246097809706
6653,3.58003058385868
6654,10.0947523477266
6655,6.93319126903314
6656,4.38040050794123
6657,4.31991759680523
6658,100.913879964746
6659,67.3322175527488
6660,53.4174245016935
6661,47.5000733475762
6662,24.2136249982959
6663,13.8929830159353
6664,7.56995301039496
6665,5.51414273251744
6666,4.23604294634684
6667,3.95826472829493
6668,3.84763618574195
6669,3.78438709205258
6670,12.9763737634166
6671,21.4017097099898
6672,7.13101186798573
6673,59.542708526691
6674,22.6260297941708
6675,12.7474339428441
6676,6.72379638454855
6677,4.74990282488053
6678,3.51020060132022
6679,3.22218849512528
6680,3.12011612612803
6681,3.04623188666699
6682,24.2136249982959
6683,13.8929830159353
6684,7.56995301039496
6685,5.51414273251744
6686,4.23604294634684
6687,3.95826472829493
6688,3.84763618574195
6689,3.78438709205258
6690,24.2136249982959
6691,13.8929830159353
6692,7.56995301039496
6693,5.51414273251744
6694,4.23604294634684
6695,3.95826472829493
6696,3.84763618574195
6697,3.78438709205258
6698,26.7625920371518
6699,16.3280093389551
6700,9.90101577682484
6701,7.82957552535974
6702,6.56163338935624
6703,6.23742822821277
6704,6.09933455967468
6705,6.01375526676025
6706,7.94714081629079
6707,48.2568138765986
6708,38.3229823083565
6709,33.2793279962842
6710,30.4783178041446
6711,25.8667413528085
6712,24.2136249982959
6713,13.8929830159353
6714,7.56995301039496
6715,5.51414273251744
6716,4.23604294634684
6717,3.95826472829493
6718,3.84763618574195
6719,3.78438709205258
6720,24.2136249982959
6721,13.8929830159353
6722,7.56995301039496
6723,5.51414273251744
6724,4.23604294634684
6725,3.95826472829493
6726,3.84763618574195
6727,3.78438709205258
6728,9.58796826933012
6729,58.5930763400795
6730,43.7419368885415
6731,20.4454144737497
6732,18.1598909458444
6733,14.7186139162082
6734,11.0303475270293
6735,10.3266694874084
6736,10.25502818767
6737,6.18831409671974
6738,24.2901791805059
6739,13.9324834498643
6740,7.6722627363381
6741,5.61975605490777
6742,4.3507575859068
6743,4.02131456127751
6744,3.90394869362584
6745,3.83163546092023
6746,6.90439728648211
6747,52.7555599450265
6748,22.4873140889035
6749,18.1401498417008
6750,14.2687524889493
6751,26.7625920371518
6752,16.3280093389551
6753,9.90101577682484
6754,7.82957552535974
6755,6.56163338935624
6756,6.23742822821277
6757,6.09933455967468
6758,6.01375526676025
6759,22.6260297941708
6760,12.7474339428441
6761,6.72379638454855
6762,4.74990282488053
6763,3.51020060132022
6764,3.22218849512528
6765,3.12011612612803
6766,3.04623188666699
6767,24.0350730478665
6768,14.0808421758205
6769,8.18292367356611
6770,6.20423437449385
6771,5.03515806242805
6772,4.69198151300736
6773,4.50938557795379
6774,3.60468009897771
6775,26.7625920371518
6776,16.3280093389551
6777,9.90101577682484
6778,7.82957552535974
6779,6.56163338935624
6780,6.23742822821277
6781,6.09933455967468
6782,6.01375526676025
6783,26.7625920371518
6784,16.3280093389551
6785,9.90101577682484
6786,7.82957552535974
6787,6.56163338935624
6788,6.23742822821277
6789,6.09933455967468
6790,6.01375526676025
6791,26.7625920371518
6792,16.3280093389551
6793,9.90101577682484
6794,7.82957552535974
6795,6.56163338935624
6796,6.23742822821277
6797,6.09933455967468
6798,6.01375526676025
6799,21.5811054214194
6800,11.9967729811674
6801,6.22847349048808
6802,4.30188163378876
6803,3.07602197508895
6804,2.77246088880403
6805,2.68412859353427
6806,2.62487021730008
6807,21.5811054214194
6808,11.9967729811674
6809,6.22847349048808
6810,4.30188163378876
6811,3.07602197508895
6812,2.77246088880403
6813,2.68412859353427
6814,2.62487021730008
6815,21.5811054214194
6816,11.9967729811674
6817,6.22847349048808
6818,4.30188163378876
6819,3.07602197508895
6820,2.77246088880403
6821,2.68412859353427
6822,2.62487021730008
6823,21.4514031433631
6824,11.83035881375
6825,6.07283221320268
6826,4.15939747616126
6827,2.95761117828888
6828,2.65007311169848
6829,2.51890156991467
6830,2.46035756420342
6831,21.5811054214194
6832,11.9967729811674
6833,6.22847349048808
6834,4.30188163378876
6835,3.07602197508895
6836,2.77246088880403
6837,2.68412859353427
6838,2.62487021730008
6839,21.5811054214194
6840,11.9967729811674
6841,6.22847349048808
6842,4.30188163378876
6843,3.07602197508895
6844,2.77246088880403
6845,2.68412859353427
6846,2.62487021730008
6847,21.5811054214194
6848,11.9967729811674
6849,6.22847349048808
6850,4.30188163378876
6851,3.07602197508895
6852,2.77246088880403
6853,2.68412859353427
6854,2.62487021730008
6855,21.5811054214194
6856,11.9967729811674
6857,6.22847349048808
6858,4.30188163378876
6859,3.07602197508895
6860,2.77246088880403
6861,2.68412859353427
6862,2.62487021730008
6863,24.5222585291227
6864,13.9833305273991
6865,7.59977034450347
6866,5.50234241257195
6867,4.19515569473415
6868,3.86186715489693
6869,3.73945024181551
6870,3.65786273756978
6871,21.5811054214194
6872,11.9967729811674
6873,6.22847349048808
6874,4.30188163378876
6875,3.07602197508895
6876,2.77246088880403
6877,2.68412859353427
6878,2.62487021730008
6879,24.5222585291227
6880,13.9833305273991
6881,7.59977034450347
6882,5.50234241257195
6883,4.19515569473415
6884,3.86186715489693
6885,3.73945024181551
6886,3.65786273756978
6887,57.3578714179112
6888,9.99021469471483
6889,9.99021469471483
6890,12.6198730692179
6891,13.8342772859715
6892,9.9683421154926
6893,10.2378546431045
6894,15.5392934086485
6895,4.98796857032885
6896,26.2129527794091
6897,26.7234193895214
6898,16.143691754968
6899,9.61206666134122
6900,7.48045554542989
6901,6.18022618959295
6902,5.86755653509906
6903,5.69399062994721
6904,5.63664837393211
6905,22.6260297941708
6906,12.7474339428441
6907,6.72379638454855
6908,4.74990282488053
6909,3.51020060132022
6910,3.22218849512528
6911,3.12011612612803
6912,3.04623188666699
6913,58.0235717150262
6914,39.0115914228568
6915,36.1657613495023
6916,34.6116784879487
6917,29.8315729923201
6918,16.1102122793298
6919,9.47127535729077
6920,6.61102792869002
6921,5.31266913197506
6922,4.97922105457318
6923,21.0153961466627
6924,5.20928260113162
6925,5.20928260113162
6926,3.96287427874059
6927,2.75615655281293
6928,69.2981997958233
6929,10.4793503598439
6930,24.2901791805059
6931,13.9324834498643
6932,7.6722627363381
6933,5.61975605490777
6934,4.3507575859068
6935,4.02131456127751
6936,3.90394869362584
6937,3.83163546092023
6938,21.5303862871337
6939,76.5604848398713
6940,30.1480568549246
6941,22.1747283873959
6942,12.4249677571169
6943,6.57748985949333
6944,4.63815341250557
6945,3.42937039123848
6946,3.12903934548496
6947,3.02141548049434
6948,2.97478154136729
6949,22.1747283873959
6950,12.4249677571169
6951,6.57748985949333
6952,4.63815341250557
6953,3.42937039123848
6954,3.12903934548496
6955,3.02141548049434
6956,2.97478154136729
6957,23.6677719159234
6958,13.4730713844553
6959,7.35431232085649
6960,5.33720752530982
6961,4.07969190527036
6962,3.77259940659973
6963,3.64246097809706
6964,3.58003058385868
6965,31.8299344478255
6966,23.8482426896362
6967,13.7313350436597
6968,7.55773398534525
6969,5.47934683077432
6970,4.18778816245127
6971,3.95128486365538
6972,3.79182403621529
6973,3.68452754495009
6974,12.0586267669056
6975,17.2080909696218
6976,21.5303862871337
6977,26.7625920371518
6978,16.3280093389551
6979,9.90101577682484
6980,7.82957552535974
6981,6.56163338935624
6982,6.23742822821277
6983,6.09933455967468
6984,6.01375526676025
6985,39.0174007901506
6986,21.6239114178842
6987,16.0088636617723
6988,23.7714843324171
6989,23.6677719159234
6990,13.4730713844553
6991,7.35431232085649
6992,5.33720752530982
6993,4.07969190527036
6994,3.77259940659973
6995,3.64246097809706
6996,3.58003058385868
6997,16.9124996618538
6998,23.6677719159234
6999,13.4730713844553
7000,7.35431232085649
7001,5.33720752530982
7002,4.07969190527036
7003,3.77259940659973
7004,3.64246097809706
7005,3.58003058385868
7006,21.5303862871337
7007,68.8258023123309
7008,41.4917250543968
7009,35.2261159411132
7010,23.3755126843991
7011,15.9336306969954
7012,9.80444053765546
7013,16.5319131239706
7014,5.66814148916468
7015,56.5744136409023
7016,18.6674110220234
7017,24.2901791805059
7018,13.9324834498643
7019,7.6722627363381
7020,5.61975605490777
7021,4.3507575859068
7022,4.02131456127751
7023,3.90394869362584
7024,3.83163546092023
7025,43.5228173886464
7026,40.5563760156833
7027,26.7234193895214
7028,16.143691754968
7029,9.61206666134122
7030,7.48045554542989
7031,6.18022618959295
7032,5.86755653509906
7033,5.69399062994721
7034,5.63664837393211
7035,15.1631847596502
7036,13.6815526772947
7037,7.60205162144327
7038,7.38166259934595
7039,24.5222585291227
7040,13.9833305273991
7041,7.59977034450347
7042,5.50234241257195
7043,4.19515569473415
7044,3.86186715489693
7045,3.73945024181551
7046,3.65786273756978
7047,23.6677719159234
7048,13.4730713844553
7049,7.35431232085649
7050,5.33720752530982
7051,4.07969190527036
7052,3.77259940659973
7053,3.64246097809706
7054,3.58003058385868
7055,23.6677719159234
7056,13.4730713844553
7057,7.35431232085649
7058,5.33720752530982
7059,4.07969190527036
7060,3.77259940659973
7061,3.64246097809706
7062,3.58003058385868
7063,29.8315729923201
7064,16.1102122793298
7065,9.47127535729077
7066,6.61102792869002
7067,5.31266913197506
7068,4.97922105457318
7069,29.8315729923201
7070,16.1102122793298
7071,9.47127535729077
7072,6.61102792869002
7073,5.31266913197506
7074,4.97922105457318
7075,3.65319668786596
7076,3.61608050669509
7077,6.39839445574166
7078,4.38386112587344
7079,5.92016968931037
7080,16.8940942927615
7081,15.9374787635165
7082,23.0662052445356
7083,24.2901791805059
7084,13.9324834498643
7085,7.6722627363381
7086,5.61975605490777
7087,4.3507575859068
7088,4.02131456127751
7089,3.90394869362584
7090,3.83163546092023
7091,24.2901791805059
7092,13.9324834498643
7093,7.6722627363381
7094,5.61975605490777
7095,4.3507575859068
7096,4.02131456127751
7097,3.90394869362584
7098,3.83163546092023
7099,7.27017301669748
7100,18.7797416023547
7101,7.32910958342066
7102,15.7596505786815
7103,60.2818657706846
7104,21.6326520489666
7105,10.2307181513964
7106,34.6886696578889
7107,34.6886696578889
7108,57.1151163034912
7109,44.5915752419634
7110,34.6886696578889
7111,18.059254241249
7112,34.6886696578889
7113,22.3692395773424
7114,34.6886696578889
7115,11.1412781407797
7116,68.3431377521352
7117,7.25787571610044
7118,72.135786609071
7119,72.135786609071
7120,15.9356139748214
7121,127.984224905485
7122,12.2800845375012
7123,24.5222585291227
7124,13.9833305273991
7125,7.59977034450347
7126,5.50234241257195
7127,4.19515569473415
7128,3.86186715489693
7129,3.73945024181551
7130,3.65786273756978
7131,32.8159061360251
7132,5.23710505573612
7133,24.58239027814
7134,13.9801087077292
7135,24.5222585291227
7136,13.9833305273991
7137,7.59977034450347
7138,5.50234241257195
7139,4.19515569473415
7140,3.86186715489693
7141,3.73945024181551
7142,3.65786273756978
7143,24.5222585291227
7144,13.9833305273991
7145,7.59977034450347
7146,5.50234241257195
7147,4.19515569473415
7148,3.86186715489693
7149,3.73945024181551
7150,3.65786273756978
7151,26.4909472792081
7152,9.92614379657153
7153,8.55004686598455
7154,12.8238395973447
7155,9.59723057226634
7156,45.7841435463059
7157,26.7234193895214
7158,16.143691754968
7159,9.61206666134122
7160,7.48045554542989
7161,6.18022618959295
7162,5.86755653509906
7163,5.69399062994721
7164,5.63664837393211
7165,7.41012249518483
7166,4.94759634210017
7167,3.81308264293226
7168,5.1175284128512
7169,23.3398172255298
7170,3.53042872647873
7171,3.27151183008976
7172,42.8266777472104
7173,32.0270128925916
7174,30.0490691892789
7175,29.2374332464847
7176,34.0149515490568
7177,6.03185133785777
7178,6.10562554105926
7179,6.08778927929702
7180,26.7234193895214
7181,16.143691754968
7182,9.61206666134122
7183,7.48045554542989
7184,6.18022618959295
7185,5.86755653509906
7186,5.69399062994721
7187,5.63664837393211
7188,7.56711491127532
7189,26.7234193895214
7190,16.143691754968
7191,9.61206666134122
7192,7.48045554542989
7193,6.18022618959295
7194,5.86755653509906
7195,5.69399062994721
7196,5.63664837393211
7197,33.7382703809942
7198,8.89067102779568
7199,4.56023455235034
7200,29.8315729923201
7201,16.1102122793298
7202,9.47127535729077
7203,6.61102792869002
7204,5.31266913197506
7205,4.97922105457318
7206,28.240380447212
7207,17.2069797699797
7208,11.9493960825895
7209,7.53160356952918
7210,5.83590708052325
7211,5.73541933398962
7212,23.9510651200186
7213,12.9672939349144
7214,12.8483278031502
7215,11.084407253837
7216,30.2478948953352
7217,14.4166636984933
7218,12.5056501819087
7219,12.3070452909032
7220,5.54723252158565
7221,7.44893073761401
7222,10.3435361802144
7223,23.6677719159234
7224,13.4730713844553
7225,7.35431232085649
7226,5.33720752530982
7227,4.07969190527036
7228,3.77259940659973
7229,3.64246097809706
7230,3.58003058385868
7231,24.5222585291227
7232,13.9833305273991
7233,7.59977034450347
7234,5.50234241257195
7235,4.19515569473415
7236,3.86186715489693
7237,3.73945024181551
7238,3.65786273756978
7239,3.27151183008976
7240,68.6193571164495
7241,114.758792361974
7242,12.760604529955
7243,32.9272914816799
7244,27.6565995959568
7245,13.1681515509865
7246,13.1950684354937
7247,11.1002013740479
7248,8.66009514509498
7249,8.91740903925432
7250,73.6946834759693
7251,58.3433622212631
7252,20.4854275216649
7253,19.1812632694281
7254,82.7212144344066
7255,54.9016106267237
7256,16.6105498089688
7257,15.8063318932968
7258,34.0355583623149
7259,52.0889566371331
7260,16.2786459422505
7261,16.0847396906827
7262,11.3281181473613
7263,13.9541504920844
7264,9.78164156964367
7265,9.28475099756488
7266,9.6086142950432
7267,97.4732298767025
7268,64.9047356616117
7269,33.378841095253
7270,28.1799064494414
7271,12.0882232658035
7272,12.0882232658035
7273,12.0882232658035
7274,2.71051607785414
7275,3.14421513474324
7276,5.70077140982489
7277,6.39673392145842
7278,5.81084011802061
7279,26.7625920371518
7280,16.3280093389551
7281,9.90101577682484
7282,7.82957552535974
7283,6.56163338935624
7284,6.23742822821277
7285,6.09933455967468
7286,6.01375526676025
7287,23.6677719159234
7288,13.4730713844553
7289,7.35431232085649
7290,5.33720752530982
7291,4.07969190527036
7292,3.77259940659973
7293,3.64246097809706
7294,3.58003058385868
7295,26.7234193895214
7296,16.143691754968
7297,9.61206666134122
7298,7.48045554542989
7299,6.18022618959295
7300,5.86755653509906
7301,5.69399062994721
7302,5.63664837393211
7303,24.2901791805059
7304,13.9324834498643
7305,7.6722627363381
7306,5.61975605490777
7307,4.3507575859068
7308,4.02131456127751
7309,3.90394869362584
7310,3.83163546092023
7311,23.6677719159234
7312,13.4730713844553
7313,7.35431232085649
7314,5.33720752530982
7315,4.07969190527036
7316,3.77259940659973
7317,3.64246097809706
7318,3.58003058385868
7319,22.6260297941708
7320,12.7474339428441
7321,6.72379638454855
7322,4.74990282488053
7323,3.51020060132022
7324,3.22218849512528
7325,3.12011612612803
7326,3.04623188666699
7327,23.6677719159234
7328,13.4730713844553
7329,7.35431232085649
7330,5.33720752530982
7331,4.07969190527036
7332,3.77259940659973
7333,3.64246097809706
7334,3.58003058385868
7335,26.7234193895214
7336,16.143691754968
7337,9.61206666134122
7338,7.48045554542989
7339,6.18022618959295
7340,5.86755653509906
7341,5.69399062994721
7342,5.63664837393211
7343,22.1747283873959
7344,12.4249677571169
7345,6.57748985949333
7346,4.63815341250557
7347,3.42937039123848
7348,3.12903934548496
7349,3.02141548049434
7350,2.97478154136729
7351,22.1747283873959
7352,12.4249677571169
7353,6.57748985949333
7354,4.63815341250557
7355,3.42937039123848
7356,3.12903934548496
7357,3.02141548049434
7358,2.97478154136729
7359,22.1747283873959
7360,12.4249677571169
7361,6.57748985949333
7362,4.63815341250557
7363,3.42937039123848
7364,3.12903934548496
7365,3.02141548049434
7366,2.97478154136729
7367,22.1747283873959
7368,12.4249677571169
7369,6.57748985949333
7370,4.63815341250557
7371,3.42937039123848
7372,3.12903934548496
7373,3.02141548049434
7374,2.97478154136729
7375,22.1747283873959
7376,12.4249677571169
7377,6.57748985949333
7378,4.63815341250557
7379,3.42937039123848
7380,3.12903934548496
7381,3.02141548049434
7382,2.97478154136729
7383,22.1747283873959
7384,12.4249677571169
7385,6.57748985949333
7386,4.63815341250557
7387,3.42937039123848
7388,3.12903934548496
7389,3.02141548049434
7390,2.97478154136729
7391,22.1747283873959
7392,12.4249677571169
7393,6.57748985949333
7394,4.63815341250557
7395,3.42937039123848
7396,3.12903934548496
7397,3.02141548049434
7398,2.97478154136729
7399,22.6260297941708
7400,12.7474339428441
7401,6.72379638454855
7402,4.74990282488053
7403,3.51020060132022
7404,3.22218849512528
7405,3.12011612612803
7406,3.04623188666699
7407,104.324258905281
7408,110.840422045968
7409,26.2090197149371
7410,55.5707871129146
7411,27.0981428298522
7412,23.5745705759366
7413,12.3785288233241
7414,22.6260297941708
7415,12.7474339428441
7416,6.72379638454855
7417,4.74990282488053
7418,3.51020060132022
7419,3.22218849512528
7420,3.12011612612803
7421,3.04623188666699
7422,24.1839530444906
7423,14.0775306801046
7424,8.032049460752
7425,6.01378803143455
7426,4.81692017366605
7427,4.56553711353257
7428,4.40744609883132
7429,4.36270506297057
7430,22.1747283873959
7431,12.4249677571169
7432,6.57748985949333
7433,4.63815341250557
7434,3.42937039123848
7435,3.12903934548496
7436,3.02141548049434
7437,2.97478154136729
7438,22.1747283873959
7439,12.4249677571169
7440,6.57748985949333
7441,4.63815341250557
7442,3.42937039123848
7443,3.12903934548496
7444,3.02141548049434
7445,2.97478154136729
7446,24.2136249982959
7447,13.8929830159353
7448,7.56995301039496
7449,5.51414273251744
7450,4.23604294634684
7451,3.95826472829493
7452,3.84763618574195
7453,3.78438709205258
7454,26.7234193895214
7455,16.143691754968
7456,9.61206666134122
7457,7.48045554542989
7458,6.18022618959295
7459,5.86755653509906
7460,5.69399062994721
7461,5.63664837393211
7462,26.7234193895214
7463,16.143691754968
7464,9.61206666134122
7465,7.48045554542989
7466,6.18022618959295
7467,5.86755653509906
7468,5.69399062994721
7469,5.63664837393211
7470,26.7625920371518
7471,16.3280093389551
7472,9.90101577682484
7473,7.82957552535974
7474,6.56163338935624
7475,6.23742822821277
7476,6.09933455967468
7477,6.01375526676025
7478,5.45311536304943
7479,6.67660507900608
7480,26.7234193895214
7481,16.143691754968
7482,9.61206666134122
7483,7.48045554542989
7484,6.18022618959295
7485,5.86755653509906
7486,5.69399062994721
7487,5.63664837393211
7488,20.1115506360683
7489,44.7292379966737
7490,12.8160796190858
7491,15.0909366892013
7492,41.7133240163259
7493,33.1164948335474
7494,27.1705516132288
7495,20.5377722035207
7496,28.2525655734521
7497,49.9981063274709
7498,37.6028093480028
7499,27.6101785105184
7500,25.1526137938631
7501,26.7234193895214
7502,16.143691754968
7503,9.61206666134122
7504,7.48045554542989
7505,6.18022618959295
7506,5.86755653509906
7507,5.69399062994721
7508,5.63664837393211
7509,3.57146701877295
7510,3.68852225558803
7511,26.7625920371518
7512,16.3280093389551
7513,9.90101577682484
7514,7.82957552535974
7515,6.56163338935624
7516,6.23742822821277
7517,6.09933455967468
7518,6.01375526676025
7519,26.7625920371518
7520,16.3280093389551
7521,9.90101577682484
7522,7.82957552535974
7523,6.56163338935624
7524,6.23742822821277
7525,6.09933455967468
7526,6.01375526676025
7527,17.4207819955118
7528,22.9062159752337
7529,19.6788693140343
7530,19.1551784384197
7531,15.0796340922989
7532,19.8976372880249
7533,9.68963293641536
7534,6.74426261872982
7535,5.68743722178795
7536,16.4299256786026
7537,11.1372823390153
7538,10.1338317511662
7539,38.1126353056084
7540,38.3742341924136
7541,13.3220178338175
7542,12.2084251053523
7543,7.82246380992798
7544,8.03291488635963
7545,5.59337742884896
7546,14.9663206507617
7547,9.75378748124368
7548,10.1279301908902
7549,8.08354537922512
7550,7.78414727770222
7551,5.5569428582587
7552,1.9246684351754
7553,2.081480717406
7554,26.7625920371518
7555,16.3280093389551
7556,9.90101577682484
7557,7.82957552535974
7558,6.56163338935624
7559,6.23742822821277
7560,6.09933455967468
7561,6.01375526676025
7562,87.3466129710659
7563,47.3437735888794
7564,44.5310522574743
7565,35.8543831567585
7566,20.2364234380539
7567,9.32884943493337
7568,11.4342672626172
7569,87.3466129710659
7570,47.3437735888794
7571,44.5310522574743
7572,35.8543831567585
7573,20.2364234380539
7574,9.32884943493337
7575,11.4342672626172
7576,24.5222585291227
7577,13.9833305273991
7578,7.59977034450347
7579,5.50234241257195
7580,4.19515569473415
7581,3.86186715489693
7582,3.73945024181551
7583,3.65786273756978
7584,26.7234193895214
7585,16.143691754968
7586,9.61206666134122
7587,7.48045554542989
7588,6.18022618959295
7589,5.86755653509906
7590,5.69399062994721
7591,5.63664837393211
7592,26.7234193895214
7593,16.143691754968
7594,9.61206666134122
7595,7.48045554542989
7596,6.18022618959295
7597,5.86755653509906
7598,5.69399062994721
7599,5.63664837393211
7600,13.5179434792107
7601,23.6677719159234
7602,13.4730713844553
7603,7.35431232085649
7604,5.33720752530982
7605,4.07969190527036
7606,3.77259940659973
7607,3.64246097809706
7608,3.58003058385868
7609,22.6260297941708
7610,12.7474339428441
7611,6.72379638454855
7612,4.74990282488053
7613,3.51020060132022
7614,3.22218849512528
7615,3.12011612612803
7616,3.04623188666699
7617,24.9307754148603
7618,14.5275044221937
7619,8.07609013114248
7620,6.03045160920204
7621,4.68776836222145
7622,4.44634185290089
7623,4.30140865226344
7624,4.2517046861084
7625,5.57715011700677
7626,45.4400670279754
7627,68.7052126010088
7628,15.1190560106995
7629,4.33273617098057
7630,4.1091031489464
7631,4.43893087590082
7632,4.50996687230057
7633,22.6260297941708
7634,12.7474339428441
7635,6.72379638454855
7636,4.74990282488053
7637,3.51020060132022
7638,3.22218849512528
7639,3.12011612612803
7640,3.04623188666699
7641,23.025048428402
7642,58.7140957506399
7643,27.2388356531878
7644,14.9430411127368
7645,14.9747912925791
7646,14.8940297343823
7647,17.0181369322885
7648,11.9648460434612
7649,10.8317806261517
7650,10.147378155953
7651,6.52999079535889
7652,19.1057609445782
7653,40.8907464013218
7654,16.5792486405587
7655,17.2178030691735
7656,34.5559817316755
7657,16.261372918586
7658,51.0462279452269
7659,40.0376742065767
7660,18.2624566031907
7661,13.7259623501629
7662,8.09546394455877
7663,7.5896902234647
7664,27.9772219264462
7665,12.2629424169416
7666,11.993609292081
7667,14.6947531687823
7668,101.432173088137
7669,38.6465576993147
7670,36.9122289452506
7671,14.5841193333202
7672,65.5637494223913
7673,36.9992584238518
7674,36.6414685110871
7675,9.48326722615462
7676,26.7234193895214
7677,16.143691754968
7678,9.61206666134122
7679,7.48045554542989
7680,6.18022618959295
7681,5.86755653509906
7682,5.69399062994721
7683,5.63664837393211
7684,26.7625920371518
7685,16.3280093389551
7686,9.90101577682484
7687,7.82957552535974
7688,6.56163338935624
7689,6.23742822821277
7690,6.09933455967468
7691,6.01375526676025
7692,26.7625920371518
7693,16.3280093389551
7694,9.90101577682484
7695,7.82957552535974
7696,6.56163338935624
7697,6.23742822821277
7698,6.09933455967468
7699,6.01375526676025
7700,39.9646378862396
7701,16.0566269574104
7702,58.3359007294367
7703,22.6260297941708
7704,12.7474339428441
7705,6.72379638454855
7706,4.74990282488053
7707,3.51020060132022
7708,3.22218849512528
7709,3.12011612612803
7710,3.04623188666699
7711,75.6987769339749
7712,28.1004826607507
7713,55.6777849355729
7714,58.1611227587647
7715,34.6063446684143
7716,64.5647217348418
7717,49.429338798852
7718,25.0033041099078
7719,10.7800280065028
7720,9.34003831866835
7721,16.7230214551111
7722,10.6642044083285
7723,7.50210399984136
7724,5.76570563507147
7725,8.52553083011608
7726,8.46630792015119
7727,8.10013751585374
7728,14.2307495279056
7729,13.7202715457966
7730,9.45100413784917
7731,48.1622831616803
7732,23.2176831471429
7733,15.8398321173086
7734,10.2742930383874
7735,7.68010170864674
7736,7.50180879031846
7737,48.1622831616803
7738,23.2176831471429
7739,15.8398321173086
7740,10.2742930383874
7741,7.68010170864674
7742,7.50180879031846
7743,31.5306739128912
7744,7.47655803600026
7745,3.05167103757076
7746,11.3614917356846
7747,24.0350730478665
7748,14.0808421758205
7749,8.18292367356611
7750,6.20423437449385
7751,5.03515806242805
7752,4.69198151300736
7753,4.50938557795379
7754,4.7764862016795
7755,46.3447310721338
7756,27.7499214764626
7757,3.27151183008976
7758,6.67550405794226
7759,5.40624609101935
7760,18.0680315555646
7761,17.2861702057991
7762,5.84439582882352
7763,40.2672672441051
7764,19.0426701239879
7765,10.6294946237089
7766,6.77303513107707
7767,5.49984447174682
7768,27.3416630200601
7769,15.4886184574051
7770,9.60953083503798
7771,9.42814971670499
7772,5.89172306921791
7773,3.88586121357295
7774,14.8762022886734
7775,14.6132273395328
7776,11.9679041278417
7777,11.2635424291779
7778,42.9505592866058
7779,31.9763284929709
7780,52.4656867893144
7781,12.0028875150567
7782,101.790497430172
7783,5.31234549835024
7784,26.7234193895214
7785,16.143691754968
7786,9.61206666134122
7787,7.48045554542989
7788,6.18022618959295
7789,5.86755653509906
7790,5.69399062994721
7791,5.63664837393211
7792,22.6260297941708
7793,12.7474339428441
7794,6.72379638454855
7795,4.74990282488053
7796,3.51020060132022
7797,3.22218849512528
7798,3.12011612612803
7799,3.04623188666699
7800,24.9307754148603
7801,14.5275044221937
7802,8.07609013114248
7803,6.03045160920204
7804,4.68776836222145
7805,4.44634185290089
7806,4.30140865226344
7807,4.2517046861084
7808,24.5222585291227
7809,13.9833305273991
7810,7.59977034450347
7811,5.50234241257195
7812,4.19515569473415
7813,3.86186715489693
7814,3.73945024181551
7815,3.65786273756978
7816,23.8482426896362
7817,13.7313350436597
7818,7.55773398534525
7819,5.47934683077432
7820,4.18778816245127
7821,3.95128486365538
7822,3.79182403621529
7823,3.68452754495009
7824,23.8482426896362
7825,13.7313350436597
7826,7.55773398534525
7827,5.47934683077432
7828,4.18778816245127
7829,3.95128486365538
7830,3.79182403621529
7831,3.68452754495009
7832,23.8482426896362
7833,13.7313350436597
7834,7.55773398534525
7835,5.47934683077432
7836,4.18778816245127
7837,3.95128486365538
7838,3.79182403621529
7839,3.68452754495009
7840,22.6260297941708
7841,12.7474339428441
7842,6.72379638454855
7843,4.74990282488053
7844,3.51020060132022
7845,3.22218849512528
7846,3.12011612612803
7847,3.04623188666699
7848,21.4589509092134
7849,11.6755049219864
7850,10.4628421394977
7851,40.7877081717688
7852,19.7649345169537
7853,25.2201043167176
7854,15.4124761300228
7855,9.58431023381071
7856,7.61884995742333
7857,6.29160034911094
7858,6.05894376834789
7859,5.8604709587276
7860,5.75719041473762
7861,25.2201043167176
7862,15.4124761300228
7863,9.58431023381071
7864,7.61884995742333
7865,6.29160034911094
7866,6.05894376834789
7867,5.8604709587276
7868,5.75719041473762
7869,25.7214291439855
7870,14.8633398132272
7871,8.77288187217687
7872,6.8487881596359
7873,5.36092331656063
7874,5.33369033356806
7875,25.7214291439855
7876,14.8633398132272
7877,8.77288187217687
7878,6.8487881596359
7879,5.36092331656063
7880,5.33369033356806
7881,21.3761660107863
7882,9.00830717615715
7883,42.9517888639741
7884,25.8298653748116
7885,58.3032112339849
7886,32.0634662014772
7887,23.1459142005636
7888,27.2097773213435
7889,15.9806151159072
7890,3.14548342684761
7891,51.6459074535599
7892,7.14591109652076
7893,26.7234193895214
7894,16.143691754968
7895,9.61206666134122
7896,7.48045554542989
7897,6.18022618959295
7898,5.86755653509906
7899,5.69399062994721
7900,5.63664837393211
7901,24.0350730478665
7902,14.0808421758205
7903,8.18292367356611
7904,6.20423437449385
7905,5.03515806242805
7906,4.69198151300736
7907,4.50938557795379
7908,4.34355759993701
7909,17.022505340891
7910,16.8321160253274
7911,18.6787781719911
7912,122.585054744106
7913,101.432173088137
7914,38.6465576993147
7915,36.9122289452506
7916,3.25320151949733
7917,44.9139053290008
7918,41.1810172559498
7919,37.5761051541021
7920,36.6088422354066
7921,55.15305097086
7922,19.3682266374106
7923,51.2827740111129
7924,13.5145455917214
7925,13.2298758937721
7926,198.467124717657
7927,152.24465524983
7928,66.4264353636271
7929,14.3777972256954
7930,9.00013903671339
7931,37.7710146222374
7932,21.1923096627237
7933,11.0610281897449
7934,9.18326060196559
7935,9.3195663775814
7936,24.7018923535286
7937,14.212939018764
7938,7.99859261589267
7939,5.91103328378272
7940,4.66080260604447
7941,4.37683593489885
7942,4.25771965785903
7943,4.17605732088712
7944,24.5222585291227
7945,13.9833305273991
7946,7.59977034450347
7947,5.50234241257195
7948,4.19515569473415
7949,3.86186715489693
7950,3.73945024181551
7951,3.65786273756978
7952,146.254846942572
7953,64.0408108257526
7954,40.9525581508357
7955,34.3235997176919
7956,27.5538039150458
7957,9.7359181589156
7958,54.0783416618065
7959,31.6704392627972
7960,27.8292291158899
7961,22.60719128798
7962,22.1747283873959
7963,12.4249677571169
7964,6.57748985949333
7965,4.63815341250557
7966,3.42937039123848
7967,3.12903934548496
7968,3.02141548049434
7969,2.97478154136729
7970,23.6677719159234
7971,13.4730713844553
7972,7.35431232085649
7973,5.33720752530982
7974,4.07969190527036
7975,3.77259940659973
7976,3.64246097809706
7977,3.58003058385868
7978,23.6677719159234
7979,13.4730713844553
7980,7.35431232085649
7981,5.33720752530982
7982,4.07969190527036
7983,3.77259940659973
7984,3.64246097809706
7985,3.58003058385868
7986,23.6677719159234
7987,13.4730713844553
7988,7.35431232085649
7989,5.33720752530982
7990,4.07969190527036
7991,3.77259940659973
7992,3.64246097809706
7993,3.58003058385868
7994,23.6677719159234
7995,13.4730713844553
7996,7.35431232085649
7997,5.33720752530982
7998,4.07969190527036
7999,3.77259940659973
8000,3.64246097809706
8001,3.58003058385868
8002,22.1747283873959
8003,12.4249677571169
8004,6.57748985949333
8005,4.63815341250557
8006,3.42937039123848
8007,3.12903934548496
8008,3.02141548049434
8009,2.97478154136729
8010,30.9288694042607
8011,7.43279889034313
8012,3.10423198664103
8013,24.1431285018065
8014,20.1772957401534
8015,7.2651874806415
8016,23.6677719159234
8017,13.4730713844553
8018,7.35431232085649
8019,5.33720752530982
8020,4.07969190527036
8021,3.77259940659973
8022,3.64246097809706
8023,3.58003058385868
8024,23.6677719159234
8025,13.4730713844553
8026,7.35431232085649
8027,5.33720752530982
8028,4.07969190527036
8029,3.77259940659973
8030,3.64246097809706
8031,3.58003058385868
8032,22.1747283873959
8033,12.4249677571169
8034,6.57748985949333
8035,4.63815341250557
8036,3.42937039123848
8037,3.12903934548496
8038,3.02141548049434
8039,2.97478154136729
8040,30.9288694042607
8041,7.43279889034313
8042,3.10423198664103
8043,23.6677719159234
8044,13.4730713844553
8045,7.35431232085649
8046,5.33720752530982
8047,4.07969190527036
8048,3.77259940659973
8049,3.64246097809706
8050,3.58003058385868
8051,22.6260297941708
8052,12.7474339428441
8053,6.72379638454855
8054,4.74990282488053
8055,3.51020060132022
8056,3.22218849512528
8057,3.12011612612803
8058,3.04623188666699
8059,22.6260297941708
8060,12.7474339428441
8061,6.72379638454855
8062,4.74990282488053
8063,3.51020060132022
8064,3.22218849512528
8065,3.12011612612803
8066,3.04623188666699
8067,24.5222585291227
8068,13.9833305273991
8069,7.59977034450347
8070,5.50234241257195
8071,4.19515569473415
8072,3.86186715489693
8073,3.73945024181551
8074,3.65786273756978
8075,8.74835656271121
8076,30.9288694042607
8077,7.43279889034313
8078,3.10423198664103
8079,23.572187728213
8080,26.7234193895214
8081,16.143691754968
8082,9.61206666134122
8083,7.48045554542989
8084,6.18022618959295
8085,5.86755653509906
8086,5.69399062994721
8087,5.63664837393211
8088,105.106937315286
8089,63.3548702988643
8090,24.7018923535286
8091,14.212939018764
8092,7.99859261589267
8093,5.91103328378272
8094,4.66080260604447
8095,4.37683593489885
8096,4.25771965785903
8097,4.17605732088712
8098,3.07181354684585
8099,3.1924853867677
8100,4.02374413872122
8101,21.5402179428446
8102,11.9545178239482
8103,6.18274308853252
8104,4.28278940695766
8105,3.08655054349142
8106,2.77778804475034
8107,2.67345061970601
8108,2.62007477606389
8109,44.5903236727769
8110,31.9058192690644
8111,29.0300162035295
8112,6.54023604463153
8113,18.4834032292552
8114,21.5402179428446
8115,11.9545178239482
8116,6.18274308853252
8117,4.28278940695766
8118,3.08655054349142
8119,2.77778804475034
8120,2.67345061970601
8121,2.62007477606389
8122,21.5402179428446
8123,11.9545178239482
8124,6.18274308853252
8125,4.28278940695766
8126,3.08655054349142
8127,2.77778804475034
8128,2.67345061970601
8129,2.62007477606389
8130,27.2986260669993
8131,16.167159860552
8132,9.39981465016791
8133,7.11137620192897
8134,5.71684723234677
8135,5.38782531001299
8136,5.26453987512583
8137,5.18924691261018
8138,24.2901791805059
8139,13.9324834498643
8140,7.6722627363381
8141,5.61975605490777
8142,4.3507575859068
8143,4.02131456127751
8144,3.90394869362584
8145,3.83163546092023
8146,61.3623723478931
8147,35.6462981669448
8148,36.6332391377936
8149,19.1429624058341
8150,9.63938408961552
8151,7.61475222971995
8152,64.5647217348418
8153,21.3556390072997
8154,11.7498768159808
8155,5.98280351570609
8156,4.08758001198021
8157,2.83751551326965
8158,2.52440856162536
8159,2.43186988074374
8160,2.38406811526705
8161,23.6677719159234
8162,13.4730713844553
8163,7.35431232085649
8164,5.33720752530982
8165,4.07969190527036
8166,3.77259940659973
8167,3.64246097809706
8168,3.58003058385868
8169,23.6677719159234
8170,13.4730713844553
8171,7.35431232085649
8172,5.33720752530982
8173,4.07969190527036
8174,3.77259940659973
8175,3.64246097809706
8176,3.58003058385868
8177,26.7234193895214
8178,16.143691754968
8179,9.61206666134122
8180,7.48045554542989
8181,6.18022618959295
8182,5.86755653509906
8183,5.69399062994721
8184,5.63664837393211
8185,25.2201043167176
8186,15.4124761300228
8187,9.58431023381071
8188,7.61884995742333
8189,6.29160034911094
8190,6.05894376834789
8191,5.8604709587276
8192,5.75719041473762
8193,8.15481286575399
8194,5.1800402774507
8195,7.62020269600552
8196,15.6649253229109
8197,10.7212879008075
8198,7.11161161547659
8199,4.70554096559184
8200,4.14391901086035
8201,3.37541792373613
8202,26.7234193895214
8203,16.143691754968
8204,9.61206666134122
8205,7.48045554542989
8206,6.18022618959295
8207,5.86755653509906
8208,5.69399062994721
8209,5.63664837393211
8210,26.7234193895214
8211,16.143691754968
8212,9.61206666134122
8213,7.48045554542989
8214,6.18022618959295
8215,5.86755653509906
8216,5.69399062994721
8217,5.63664837393211
8218,12.6616335734118
8219,3.67492221668107
8220,22.6872864657337
8221,10.8331575072009
8222,9.74055861891169
8223,12.9029630431323
8224,9.79767699721919
8225,5.4096585326508
8226,26.7234193895214
8227,16.143691754968
8228,9.61206666134122
8229,7.48045554542989
8230,6.18022618959295
8231,5.86755653509906
8232,5.69399062994721
8233,5.63664837393211
8234,24.5222585291227
8235,13.9833305273991
8236,7.59977034450347
8237,5.50234241257195
8238,4.19515569473415
8239,3.86186715489693
8240,3.73945024181551
8241,3.65786273756978
8242,8.50041541359575
8243,28.1771870362407
8244,24.5222585291227
8245,13.9833305273991
8246,7.59977034450347
8247,5.50234241257195
8248,4.19515569473415
8249,3.86186715489693
8250,3.73945024181551
8251,3.65786273756978
8252,18.6611992670555
8253,26.9935760223575
8254,61.86483417979
8255,214.8439840481
8256,111.161314756429
8257,26.7234193895214
8258,16.143691754968
8259,9.61206666134122
8260,7.48045554542989
8261,6.18022618959295
8262,5.86755653509906
8263,5.69399062994721
8264,5.63664837393211
8265,7.11329060546786
8266,11.3434732311232
8267,9.3002161836313
8268,5.19363639529712
8269,5.5340480946016
8270,8.10475476815818
8271,8.10475476815818
8272,38.0837222759963
8273,104.444056676308
8274,48.7271640499942
8275,36.9144115945898
8276,35.9766008998544
8277,14.2656293873116
8278,29.3373664373438
8279,14.0791599078926
8280,9.19640256580032
8281,10.9578404120839
8282,24.1839530444906
8283,14.0775306801046
8284,8.032049460752
8285,6.01378803143455
8286,4.81692017366605
8287,4.56553711353257
8288,4.40744609883132
8289,4.36270506297057
8290,26.7625920371518
8291,16.3280093389551
8292,9.90101577682484
8293,7.82957552535974
8294,6.56163338935624
8295,6.23742822821277
8296,6.09933455967468
8297,6.01375526676025
8298,45.6213466806169
8299,25.8559575851693
8300,18.3392455179483
8301,15.2998241517877
8302,21.5402179428446
8303,11.9545178239482
8304,6.18274308853252
8305,4.28278940695766
8306,3.08655054349142
8307,2.77778804475034
8308,2.67345061970601
8309,2.62007477606389
8310,21.1701098635485
8311,11.6247263107491
8312,5.84383444123479
8313,3.88402311719144
8314,2.60454778583514
8315,2.32090883266896
8316,2.22538506334598
8317,2.1837670490029
8318,21.1701098635485
8319,11.6247263107491
8320,5.84383444123479
8321,3.88402311719144
8322,2.60454778583514
8323,2.32090883266896
8324,2.22538506334598
8325,2.1837670490029
8326,22.1747283873959
8327,12.4249677571169
8328,6.57748985949333
8329,4.63815341250557
8330,3.42937039123848
8331,3.12903934548496
8332,3.02141548049434
8333,2.97478154136729
8334,24.0350730478665
8335,14.0808421758205
8336,8.18292367356611
8337,6.20423437449385
8338,5.03515806242805
8339,4.69198151300736
8340,4.50938557795379
8341,4.75408101526511
8342,4.22977279544642
8343,4.57404246069582
8344,4.62451012721583
8345,24.2136249982959
8346,13.8929830159353
8347,7.56995301039496
8348,5.51414273251744
8349,4.23604294634684
8350,3.95826472829493
8351,3.84763618574195
8352,3.78438709205258
8353,24.2136249982959
8354,13.8929830159353
8355,7.56995301039496
8356,5.51414273251744
8357,4.23604294634684
8358,3.95826472829493
8359,3.84763618574195
8360,3.78438709205258
8361,24.7018923535286
8362,14.212939018764
8363,7.99859261589267
8364,5.91103328378272
8365,4.66080260604447
8366,4.37683593489885
8367,4.25771965785903
8368,4.17605732088712
8369,24.0350730478665
8370,14.0808421758205
8371,8.18292367356611
8372,6.20423437449385
8373,5.03515806242805
8374,4.69198151300736
8375,4.50938557795379
8376,4.36151640964416
8377,6.34389271893131
8378,8.37123234645485
8379,22.6260297941708
8380,12.7474339428441
8381,6.72379638454855
8382,4.74990282488053
8383,3.51020060132022
8384,3.22218849512528
8385,3.12011612612803
8386,3.04623188666699
8387,22.6260297941708
8388,12.7474339428441
8389,6.72379638454855
8390,4.74990282488053
8391,3.51020060132022
8392,3.22218849512528
8393,3.12011612612803
8394,3.04623188666699
8395,22.1747283873959
8396,12.4249677571169
8397,6.57748985949333
8398,4.63815341250557
8399,3.42937039123848
8400,3.12903934548496
8401,3.02141548049434
8402,2.97478154136729
8403,23.6677719159234
8404,13.4730713844553
8405,7.35431232085649
8406,5.33720752530982
8407,4.07969190527036
8408,3.77259940659973
8409,3.64246097809706
8410,3.58003058385868
8411,43.2105975388157
8412,4.53875822420552
8413,22.6260297941708
8414,12.7474339428441
8415,6.72379638454855
8416,4.74990282488053
8417,3.51020060132022
8418,3.22218849512528
8419,3.12011612612803
8420,3.04623188666699
8421,22.1765895110189
8422,22.1747283873959
8423,12.4249677571169
8424,6.57748985949333
8425,4.63815341250557
8426,3.42937039123848
8427,3.12903934548496
8428,3.02141548049434
8429,2.97478154136729
8430,25.2201043167176
8431,15.4124761300228
8432,9.58431023381071
8433,7.61884995742333
8434,6.29160034911094
8435,6.05894376834789
8436,5.8604709587276
8437,5.75719041473762
8438,24.0350730478665
8439,14.0808421758205
8440,8.18292367356611
8441,6.20423437449385
8442,5.03515806242805
8443,4.69198151300736
8444,4.50938557795379
8445,14.2823840580964
8446,14.6145478504884
8447,10.0644954616668
8448,9.75828174654551
8449,9.75828174654551
8450,36.0334688326026
8451,13.0948263806065
8452,17.4079125758621
8453,56.1620313588399
8454,14.866899091181
8455,5.98505306850376
8456,26.7625920371518
8457,16.3280093389551
8458,9.90101577682484
8459,7.82957552535974
8460,6.56163338935624
8461,6.23742822821277
8462,6.09933455967468
8463,6.01375526676025
8464,26.7625920371518
8465,16.3280093389551
8466,9.90101577682484
8467,7.82957552535974
8468,6.56163338935624
8469,6.23742822821277
8470,6.09933455967468
8471,6.01375526676025
8472,5.61093199124013
8473,5.61093199124013
8474,5.61093199124013
8475,5.61093199124013
8476,26.7625920371518
8477,16.3280093389551
8478,9.90101577682484
8479,7.82957552535974
8480,6.56163338935624
8481,6.23742822821277
8482,6.09933455967468
8483,6.01375526676025
8484,5.61093199124013
8485,5.61093199124013
8486,5.61093199124013
8487,24.2901791805059
8488,13.9324834498643
8489,7.6722627363381
8490,5.61975605490777
8491,4.3507575859068
8492,4.02131456127751
8493,3.90394869362584
8494,3.83163546092023
8495,14.7700219323271
8496,12.116341262164
8497,8.24116338086321
8498,8.08375862410301
8499,13.9541504920844
8500,9.78164156964367
8501,9.28475099756488
8502,23.4565134378611
8503,27.8739683661339
8504,27.8739683661339
8505,22.6260297941708
8506,12.7474339428441
8507,6.72379638454855
8508,4.74990282488053
8509,3.51020060132022
8510,3.22218849512528
8511,3.12011612612803
8512,3.04623188666699
8513,24.5222585291227
8514,13.9833305273991
8515,7.59977034450347
8516,5.50234241257195
8517,4.19515569473415
8518,3.86186715489693
8519,3.73945024181551
8520,3.65786273756978
8521,13.6238443796082
8522,16.4095302605255
8523,8.74337892805422
8524,40.5242637435016
8525,40.6933799179478
8526,13.9170778044748
8527,17.0984805372357
8528,18.5708636911738
8529,13.9170778044748
8530,15.9169336101881
8531,7.70874037551942
8532,6.34274506729171
8533,23.7703305973174
8534,16.3933881021206
8535,26.7234193895214
8536,16.143691754968
8537,9.61206666134122
8538,7.48045554542989
8539,6.18022618959295
8540,5.86755653509906
8541,5.69399062994721
8542,5.63664837393211
8543,25.7000947494998
8544,15.3065114823893
8545,8.99500563033206
8546,7.02496363345402
8547,5.83566371401452
8548,5.51602145104554
8549,5.43701101735357
8550,5.35693514863066
8551,44.8311277169125
8552,34.7519127326805
8553,7.41012249518483
8554,26.7234193895214
8555,16.143691754968
8556,9.61206666134122
8557,7.48045554542989
8558,6.18022618959295
8559,5.86755653509906
8560,5.69399062994721
8561,5.63664837393211
8562,8.87943850925754
8563,32.1726163919476
8564,21.7989740609244
8565,10.5716796401379
8566,26.7625920371518
8567,16.3280093389551
8568,9.90101577682484
8569,7.82957552535974
8570,6.56163338935624
8571,6.23742822821277
8572,6.09933455967468
8573,6.01375526676025
8574,26.7625920371518
8575,16.3280093389551
8576,9.90101577682484
8577,7.82957552535974
8578,6.56163338935624
8579,6.23742822821277
8580,6.09933455967468
8581,6.01375526676025
8582,26.7625920371518
8583,16.3280093389551
8584,9.90101577682484
8585,7.82957552535974
8586,6.56163338935624
8587,6.23742822821277
8588,6.09933455967468
8589,6.01375526676025
8590,21.6170409491955
8591,5.46508267647634
8592,16.9573156858837
8593,7.84926910311973
8594,5.43187062961304
8595,5.01432153130889
8596,5.36846147364873
8597,48.4968259417804
8598,17.591586751956
8599,21.5402179428446
8600,11.9545178239482
8601,6.18274308853252
8602,4.28278940695766
8603,3.08655054349142
8604,2.77778804475034
8605,2.67345061970601
8606,2.62007477606389
8607,21.5402179428446
8608,11.9545178239482
8609,6.18274308853252
8610,4.28278940695766
8611,3.08655054349142
8612,2.77778804475034
8613,2.67345061970601
8614,2.62007477606389
8615,21.5402179428446
8616,11.9545178239482
8617,6.18274308853252
8618,4.28278940695766
8619,3.08655054349142
8620,2.77778804475034
8621,2.67345061970601
8622,2.62007477606389
8623,21.5402179428446
8624,11.9545178239482
8625,6.18274308853252
8626,4.28278940695766
8627,3.08655054349142
8628,2.77778804475034
8629,2.67345061970601
8630,2.62007477606389
8631,21.5811054214194
8632,11.9967729811674
8633,6.22847349048808
8634,4.30188163378876
8635,3.07602197508895
8636,2.77246088880403
8637,2.68412859353427
8638,2.62487021730008
8639,23.6677719159234
8640,13.4730713844553
8641,7.35431232085649
8642,5.33720752530982
8643,4.07969190527036
8644,3.77259940659973
8645,3.64246097809706
8646,3.58003058385868
8647,21.5811054214194
8648,11.9967729811674
8649,6.22847349048808
8650,4.30188163378876
8651,3.07602197508895
8652,2.77246088880403
8653,2.68412859353427
8654,2.62487021730008
8655,13.9649777713481
8656,5.31140553033564
8657,6.25244055257311
8658,66.1117830086634
8659,76.5604848398713
8660,43.3744106414517
8661,23.8482426896362
8662,13.7313350436597
8663,7.55773398534525
8664,5.47934683077432
8665,4.18778816245127
8666,3.95128486365538
8667,3.79182403621529
8668,3.68452754495009
8669,10.6805692116507
8670,4.78995299228463
8671,200.770537447215
8672,76.5604848398713
8673,26.7625920371518
8674,16.3280093389551
8675,9.90101577682484
8676,7.82957552535974
8677,6.56163338935624
8678,6.23742822821277
8679,6.09933455967468
8680,6.01375526676025
8681,26.7625920371518
8682,16.3280093389551
8683,9.90101577682484
8684,7.82957552535974
8685,6.56163338935624
8686,6.23742822821277
8687,6.09933455967468
8688,6.01375526676025
8689,26.7625920371518
8690,16.3280093389551
8691,9.90101577682484
8692,7.82957552535974
8693,6.56163338935624
8694,6.23742822821277
8695,6.09933455967468
8696,6.01375526676025
8697,26.7625920371518
8698,16.3280093389551
8699,9.90101577682484
8700,7.82957552535974
8701,6.56163338935624
8702,6.23742822821277
8703,6.09933455967468
8704,6.01375526676025
8705,8.78945951464327
8706,54.6312812499331
8707,36.3514991071986
8708,12.5350243936273
8709,11.3154911680304
8710,17.0181369322885
8711,11.9648460434612
8712,10.8317806261517
8713,10.147378155953
8714,7.16770166218756
8715,5.99085472668015
8716,60.1708199827618
8717,48.840694085316
8718,23.7394675981348
8719,23.4932547916704
8720,11.7345895574092
8721,13.3176913235684
8722,15.8927392491269
8723,10.4244219205852
8724,26.7625920371518
8725,16.3280093389551
8726,9.90101577682484
8727,7.82957552535974
8728,6.56163338935624
8729,6.23742822821277
8730,6.09933455967468
8731,6.01375526676025
8732,24.9307754148603
8733,14.5275044221937
8734,8.07609013114248
8735,6.03045160920204
8736,4.68776836222145
8737,4.44634185290089
8738,4.30140865226344
8739,4.2517046861084
8740,6.28399753816455
8741,26.7625920371518
8742,16.3280093389551
8743,9.90101577682484
8744,7.82957552535974
8745,6.56163338935624
8746,6.23742822821277
8747,6.09933455967468
8748,6.01375526676025
8749,26.7625920371518
8750,16.3280093389551
8751,9.90101577682484
8752,7.82957552535974
8753,6.56163338935624
8754,6.23742822821277
8755,6.09933455967468
8756,6.01375526676025
8757,26.7625920371518
8758,16.3280093389551
8759,9.90101577682484
8760,7.82957552535974
8761,6.56163338935624
8762,6.23742822821277
8763,6.09933455967468
8764,6.01375526676025
8765,26.7224821118302
8766,23.9872071921884
8767,26.7234193895214
8768,16.143691754968
8769,9.61206666134122
8770,7.48045554542989
8771,6.18022618959295
8772,5.86755653509906
8773,5.69399062994721
8774,5.63664837393211
8775,2.08118942405496
8776,21.0382438692747
8777,7.52697851133228
8778,21.3556390072997
8779,11.7498768159808
8780,5.98280351570609
8781,4.08758001198021
8782,2.83751551326965
8783,2.52440856162536
8784,2.43186988074374
8785,2.38406811526705
8786,21.3556390072997
8787,11.7498768159808
8788,5.98280351570609
8789,4.08758001198021
8790,2.83751551326965
8791,2.52440856162536
8792,2.43186988074374
8793,2.38406811526705
8794,22.6260297941708
8795,12.7474339428441
8796,6.72379638454855
8797,4.74990282488053
8798,3.51020060132022
8799,3.22218849512528
8800,3.12011612612803
8801,3.04623188666699
8802,22.6260297941708
8803,12.7474339428441
8804,6.72379638454855
8805,4.74990282488053
8806,3.51020060132022
8807,3.22218849512528
8808,3.12011612612803
8809,3.04623188666699
8810,22.6260297941708
8811,12.7474339428441
8812,6.72379638454855
8813,4.74990282488053
8814,3.51020060132022
8815,3.22218849512528
8816,3.12011612612803
8817,3.04623188666699
8818,26.7625920371518
8819,16.3280093389551
8820,9.90101577682484
8821,7.82957552535974
8822,6.56163338935624
8823,6.23742822821277
8824,6.09933455967468
8825,6.01375526676025
8826,48.6490525341134
8827,4.52269063543635
8828,69.632413081813
8829,7.51037644135168
8830,8.05108298902482
8831,18.7069802806877
8832,16.5636639457352
8833,12.4054367667993
8834,8.42572467319216
8835,29.1670945360547
8836,26.7234193895214
8837,16.143691754968
8838,9.61206666134122
8839,7.48045554542989
8840,6.18022618959295
8841,5.86755653509906
8842,5.69399062994721
8843,5.63664837393211
8844,8.61486941359361
8845,8.46589714959503
8846,6.43720916847365
8847,32.9185076594163
8848,8.25229070555087
8849,4.34302990334517
8850,20.4859624141151
8851,17.7688730514657
8852,5.69983782888111
8853,3.27151183008976
8854,34.8308895726572
8855,28.4789129726895
8856,9.03189451833327
8857,4.94125949328781
8858,21.3556390072997
8859,11.7498768159808
8860,5.98280351570609
8861,4.08758001198021
8862,2.83751551326965
8863,2.52440856162536
8864,2.43186988074374
8865,2.38406811526705
8866,21.3556390072997
8867,11.7498768159808
8868,5.98280351570609
8869,4.08758001198021
8870,2.83751551326965
8871,2.52440856162536
8872,2.43186988074374
8873,2.38406811526705
8874,21.3556390072997
8875,11.7498768159808
8876,5.98280351570609
8877,4.08758001198021
8878,2.83751551326965
8879,2.52440856162536
8880,2.43186988074374
8881,2.38406811526705
8882,21.3556390072997
8883,11.7498768159808
8884,5.98280351570609
8885,4.08758001198021
8886,2.83751551326965
8887,2.52440856162536
8888,2.43186988074374
8889,2.38406811526705
8890,21.3556390072997
8891,11.7498768159808
8892,5.98280351570609
8893,4.08758001198021
8894,2.83751551326965
8895,2.52440856162536
8896,2.43186988074374
8897,2.38406811526705
8898,30.9894617344653
8899,6.66192019043464
8900,2.14241556609036
8901,4.24672735936969
8902,23.8482426896362
8903,13.7313350436597
8904,7.55773398534525
8905,5.47934683077432
8906,4.18778816245127
8907,3.95128486365538
8908,3.79182403621529
8909,3.68452754495009
8910,3.61671272084791
8911,4.67293273995922
8912,2.75583589289837
8913,4.18775866559687
8914,12.1001939777712
8915,18.6610968239819
8916,3.67552984314751
8917,5.62695479096494
8918,5.59622191815002
8919,4.78832659470504
8920,49.8566467829157
8921,22.6260297941708
8922,12.7474339428441
8923,6.72379638454855
8924,4.74990282488053
8925,3.51020060132022
8926,3.22218849512528
8927,3.12011612612803
8928,3.04623188666699
8929,22.6260297941708
8930,12.7474339428441
8931,6.72379638454855
8932,4.74990282488053
8933,3.51020060132022
8934,3.22218849512528
8935,3.12011612612803
8936,3.04623188666699
8937,24.5222585291227
8938,13.9833305273991
8939,7.59977034450347
8940,5.50234241257195
8941,4.19515569473415
8942,3.86186715489693
8943,3.73945024181551
8944,3.65786273756978
8945,23.7020366168635
8946,17.6920221034151
8947,16.3682320738908
8948,17.3940353647399
8949,13.712687476266
8950,6.34389271893131
8951,4.25636218159911
8952,17.5614889169391
8953,21.3556390072997
8954,11.7498768159808
8955,5.98280351570609
8956,4.08758001198021
8957,2.83751551326965
8958,2.52440856162536
8959,2.43186988074374
8960,2.38406811526705
8961,21.3556390072997
8962,11.7498768159808
8963,5.98280351570609
8964,4.08758001198021
8965,2.83751551326965
8966,2.52440856162536
8967,2.43186988074374
8968,2.38406811526705
8969,21.3556390072997
8970,11.7498768159808
8971,5.98280351570609
8972,4.08758001198021
8973,2.83751551326965
8974,2.52440856162536
8975,2.43186988074374
8976,2.38406811526705
8977,22.6260297941708
8978,12.7474339428441
8979,6.72379638454855
8980,4.74990282488053
8981,3.51020060132022
8982,3.22218849512528
8983,3.12011612612803
8984,3.04623188666699
8985,23.1040097599409
8986,11.4788367119534
8987,11.2183667771357
8988,6.49643559414052
8989,6.9623565153041
8990,5.04562196750926
8991,31.0301796064969
8992,6.94034330645865
8993,26.7625920371518
8994,16.3280093389551
8995,9.90101577682484
8996,7.82957552535974
8997,6.56163338935624
8998,6.23742822821277
8999,6.09933455967468
9000,6.01375526676025
9001,55.6777849355729
9002,23.6677719159234
9003,13.4730713844553
9004,7.35431232085649
9005,5.33720752530982
9006,4.07969190527036
9007,3.77259940659973
9008,3.64246097809706
9009,3.58003058385868
9010,16.1308531674272
9011,40.7132548475896
9012,22.1747283873959
9013,12.4249677571169
9014,6.57748985949333
9015,4.63815341250557
9016,3.42937039123848
9017,3.12903934548496
9018,3.02141548049434
9019,2.97478154136729
9020,22.1747283873959
9021,12.4249677571169
9022,6.57748985949333
9023,4.63815341250557
9024,3.42937039123848
9025,3.12903934548496
9026,3.02141548049434
9027,2.97478154136729
9028,22.1747283873959
9029,12.4249677571169
9030,6.57748985949333
9031,4.63815341250557
9032,3.42937039123848
9033,3.12903934548496
9034,3.02141548049434
9035,2.97478154136729
9036,23.6677719159234
9037,13.4730713844553
9038,7.35431232085649
9039,5.33720752530982
9040,4.07969190527036
9041,3.77259940659973
9042,3.64246097809706
9043,3.58003058385868
9044,23.6677719159234
9045,13.4730713844553
9046,7.35431232085649
9047,5.33720752530982
9048,4.07969190527036
9049,3.77259940659973
9050,3.64246097809706
9051,3.58003058385868
9052,22.1747283873959
9053,12.4249677571169
9054,6.57748985949333
9055,4.63815341250557
9056,3.42937039123848
9057,3.12903934548496
9058,3.02141548049434
9059,2.97478154136729
9060,22.1747283873959
9061,12.4249677571169
9062,6.57748985949333
9063,4.63815341250557
9064,3.42937039123848
9065,3.12903934548496
9066,3.02141548049434
9067,2.97478154136729
9068,33.9937948689822
9069,146.219635030946
9070,59.1851896598308
9071,40.841270783878
9072,17.633904874247
9073,15.1913624388605
9074,16.1725569514609
9075,11.4683314353508
9076,8.58074790181963
9077,26.8786198975304
9078,5.98826733679845
9079,42.1805788943815
9080,31.7803376055162
9081,17.9739706966984
9082,23.8772374312533
9083,26.7625920371518
9084,16.3280093389551
9085,9.90101577682484
9086,7.82957552535974
9087,6.56163338935624
9088,6.23742822821277
9089,6.09933455967468
9090,6.01375526676025
9091,26.7625920371518
9092,16.3280093389551
9093,9.90101577682484
9094,7.82957552535974
9095,6.56163338935624
9096,6.23742822821277
9097,6.09933455967468
9098,6.01375526676025
9099,29.1670945360547
9100,29.1670945360547
9101,26.7234193895214
9102,16.143691754968
9103,9.61206666134122
9104,7.48045554542989
9105,6.18022618959295
9106,5.86755653509906
9107,5.69399062994721
9108,5.63664837393211
9109,4.24697355413587
9110,7.68848286467696
9111,2.77378327052464
9112,4.4654385024079
9113,50.6980822595782
9114,48.8569068714213
9115,47.8750334913452
9116,21.8875355899406
9117,14.9456596267807
9118,10.034409362414
9119,6.93772364535583
9120,26.7234193895214
9121,16.143691754968
9122,9.61206666134122
9123,7.48045554542989
9124,6.18022618959295
9125,5.86755653509906
9126,5.69399062994721
9127,5.63664837393211
9128,6.37965793866381
9129,24.5222585291227
9130,13.9833305273991
9131,7.59977034450347
9132,5.50234241257195
9133,4.19515569473415
9134,3.86186715489693
9135,3.73945024181551
9136,3.65786273756978
9137,26.7234193895214
9138,16.143691754968
9139,9.61206666134122
9140,7.48045554542989
9141,6.18022618959295
9142,5.86755653509906
9143,5.69399062994721
9144,5.63664837393211
9145,31.345575229731
9146,14.6969253155669
9147,14.8091080650184
9148,17.0181369322885
9149,11.9648460434612
9150,10.8317806261517
9151,10.147378155953
9152,24.5222585291227
9153,13.9833305273991
9154,7.59977034450347
9155,5.50234241257195
9156,4.19515569473415
9157,3.86186715489693
9158,3.73945024181551
9159,3.65786273756978
9160,21.4514031433631
9161,11.83035881375
9162,6.07283221320268
9163,4.15939747616126
9164,2.95761117828888
9165,2.65007311169848
9166,2.51890156991467
9167,2.46035756420342
9168,21.5402179428446
9169,11.9545178239482
9170,6.18274308853252
9171,4.28278940695766
9172,3.08655054349142
9173,2.77778804475034
9174,2.67345061970601
9175,2.62007477606389
9176,20.5791564863177
9177,20.5791564863177
9178,157.147921188774
9179,76.0950598745477
9180,52.3687324382522
9181,28.240380447212
9182,17.2069797699797
9183,11.9493960825895
9184,7.53160356952918
9185,5.83590708052325
9186,5.73541933398962
9187,25.7214291439855
9188,14.8633398132272
9189,8.77288187217687
9190,6.8487881596359
9191,5.36092331656063
9192,5.33369033356806
9193,15.8527739972007
9194,26.7234193895214
9195,16.143691754968
9196,9.61206666134122
9197,7.48045554542989
9198,6.18022618959295
9199,5.86755653509906
9200,5.69399062994721
9201,5.63664837393211
9202,26.7234193895214
9203,16.143691754968
9204,9.61206666134122
9205,7.48045554542989
9206,6.18022618959295
9207,5.86755653509906
9208,5.69399062994721
9209,5.63664837393211
9210,26.7625920371518
9211,16.3280093389551
9212,9.90101577682484
9213,7.82957552535974
9214,6.56163338935624
9215,6.23742822821277
9216,6.09933455967468
9217,6.01375526676025
9218,25.2201043167176
9219,15.4124761300228
9220,9.58431023381071
9221,7.61884995742333
9222,6.29160034911094
9223,6.05894376834789
9224,5.8604709587276
9225,5.75719041473762
9226,12.5872567532528
9227,7.54611741739267
9228,4.76906727893162
9229,4.14216025999228
9230,8.64501422904109
9231,8.48227466712665
9232,6.13881947971958
9233,15.6668870587356
9234,10.6310241315803
9235,9.93623567007746
9236,15.6628293991044
9237,18.6916075727806
9238,26.7625920371518
9239,16.3280093389551
9240,9.90101577682484
9241,7.82957552535974
9242,6.56163338935624
9243,6.23742822821277
9244,6.09933455967468
9245,6.01375526676025
9246,3.26668288233359
9247,37.0551065332514
9248,35.8416095483447
9249,25.4146100626281
9250,15.8112192815858
9251,26.7625920371518
9252,16.3280093389551
9253,9.90101577682484
9254,7.82957552535974
9255,6.56163338935624
9256,6.23742822821277
9257,6.09933455967468
9258,6.01375526676025
9259,46.8553062441232
9260,31.8582030324058
9261,16.6873475613293
9262,15.4459563935808
9263,12.4788311934
9264,94.0389504463002
9265,69.6480731788111
9266,52.0010273943327
9267,34.6622490350892
9268,10.3096571231443
9269,33.6981148392469
9270,26.7234193895214
9271,16.143691754968
9272,9.61206666134122
9273,7.48045554542989
9274,6.18022618959295
9275,5.86755653509906
9276,5.69399062994721
9277,5.63664837393211
9278,24.2136249982959
9279,13.8929830159353
9280,7.56995301039496
9281,5.51414273251744
9282,4.23604294634684
9283,3.95826472829493
9284,3.84763618574195
9285,3.78438709205258
9286,30.1544707098702
9287,25.642460804908
9288,15.1568296896024
9289,14.1226774770574
9290,16.3060338786887
9291,10.8067908977753
9292,44.0185931623877
9293,24.8113304051234
9294,16.5179247891286
9295,9.23326749568495
9296,10.1184291428306
9297,136.383173149598
9298,23.8482426896362
9299,13.7313350436597
9300,7.55773398534525
9301,5.47934683077432
9302,4.18778816245127
9303,3.95128486365538
9304,3.79182403621529
9305,3.68452754495009
9306,32.5775931674591
9307,6.90651215297404
9308,2.35735889051995
9309,5.53431434750942
9310,5.53431434750942
9311,5.53431434750942
9312,4.24672735936969
9313,22.0662628839142
9314,22.0662628839142
9315,3.72587148233855
9316,26.7625920371518
9317,16.3280093389551
9318,9.90101577682484
9319,7.82957552535974
9320,6.56163338935624
9321,6.23742822821277
9322,6.09933455967468
9323,6.01375526676025
9324,23.6677719159234
9325,13.4730713844553
9326,7.35431232085649
9327,5.33720752530982
9328,4.07969190527036
9329,3.77259940659973
9330,3.64246097809706
9331,3.58003058385868
9332,23.6677719159234
9333,13.4730713844553
9334,7.35431232085649
9335,5.33720752530982
9336,4.07969190527036
9337,3.77259940659973
9338,3.64246097809706
9339,3.58003058385868
9340,11.9078810337129
9341,11.6258823468447
9342,23.6677719159234
9343,13.4730713844553
9344,7.35431232085649
9345,5.33720752530982
9346,4.07969190527036
9347,3.77259940659973
9348,3.64246097809706
9349,3.58003058385868
9350,28.4633344935387
9351,31.5306739128912
9352,7.47655803600026
9353,3.05167103757076
9354,26.7234193895214
9355,16.143691754968
9356,9.61206666134122
9357,7.48045554542989
9358,6.18022618959295
9359,5.86755653509906
9360,5.69399062994721
9361,5.63664837393211
9362,56.3604032647596
9363,31.4787153290427
9364,27.0745523556577
9365,7.73807554480355
9366,11.8818094879509
9367,14.002443997383
9368,24.2136249982959
9369,13.8929830159353
9370,7.56995301039496
9371,5.51414273251744
9372,4.23604294634684
9373,3.95826472829493
9374,3.84763618574195
9375,3.78438709205258
9376,24.2136249982959
9377,13.8929830159353
9378,7.56995301039496
9379,5.51414273251744
9380,4.23604294634684
9381,3.95826472829493
9382,3.84763618574195
9383,3.78438709205258
9384,24.2136249982959
9385,13.8929830159353
9386,7.56995301039496
9387,5.51414273251744
9388,4.23604294634684
9389,3.95826472829493
9390,3.84763618574195
9391,3.78438709205258
9392,24.2136249982959
9393,13.8929830159353
9394,7.56995301039496
9395,5.51414273251744
9396,4.23604294634684
9397,3.95826472829493
9398,3.84763618574195
9399,3.78438709205258
9400,24.2136249982959
9401,13.8929830159353
9402,7.56995301039496
9403,5.51414273251744
9404,4.23604294634684
9405,3.95826472829493
9406,3.84763618574195
9407,3.78438709205258
9408,26.7234193895214
9409,16.143691754968
9410,9.61206666134122
9411,7.48045554542989
9412,6.18022618959295
9413,5.86755653509906
9414,5.69399062994721
9415,5.63664837393211
9416,26.7625920371518
9417,16.3280093389551
9418,9.90101577682484
9419,7.82957552535974
9420,6.56163338935624
9421,6.23742822821277
9422,6.09933455967468
9423,6.01375526676025
9424,6.93630234750522
9425,33.7382703809942
9426,8.89067102779568
9427,4.56023455235034
9428,33.7382703809942
9429,8.89067102779568
9430,4.56023455235034
9431,24.2136249982959
9432,13.8929830159353
9433,7.56995301039496
9434,5.51414273251744
9435,4.23604294634684
9436,3.95826472829493
9437,3.84763618574195
9438,3.78438709205258
9439,7.29343410438883
9440,4.18643096006681
9441,4.33156534364541
9442,3.61175399368136
9443,4.74526864434481
9444,24.2136249982959
9445,13.8929830159353
9446,7.56995301039496
9447,5.51414273251744
9448,4.23604294634684
9449,3.95826472829493
9450,3.84763618574195
9451,3.78438709205258
9452,24.2136249982959
9453,13.8929830159353
9454,7.56995301039496
9455,5.51414273251744
9456,4.23604294634684
9457,3.95826472829493
9458,3.84763618574195
9459,3.78438709205258
9460,24.2136249982959
9461,13.8929830159353
9462,7.56995301039496
9463,5.51414273251744
9464,4.23604294634684
9465,3.95826472829493
9466,3.84763618574195
9467,3.78438709205258
9468,24.2136249982959
9469,13.8929830159353
9470,7.56995301039496
9471,5.51414273251744
9472,4.23604294634684
9473,3.95826472829493
9474,3.84763618574195
9475,3.78438709205258
9476,7.26422171856896
9477,7.87035811124302
9478,26.7625920371518
9479,16.3280093389551
9480,9.90101577682484
9481,7.82957552535974
9482,6.56163338935624
9483,6.23742822821277
9484,6.09933455967468
9485,6.01375526676025
9486,64.5647217348418
9487,57.6121012513097
9488,64.5647217348418
9489,57.6121012513097
9490,64.5647217348418
9491,57.6121012513097
9492,24.2136249982959
9493,13.8929830159353
9494,7.56995301039496
9495,5.51414273251744
9496,4.23604294634684
9497,3.95826472829493
9498,3.84763618574195
9499,3.78438709205258
9500,24.2136249982959
9501,13.8929830159353
9502,7.56995301039496
9503,5.51414273251744
9504,4.23604294634684
9505,3.95826472829493
9506,3.84763618574195
9507,3.78438709205258
9508,24.2136249982959
9509,13.8929830159353
9510,7.56995301039496
9511,5.51414273251744
9512,4.23604294634684
9513,3.95826472829493
9514,3.84763618574195
9515,3.78438709205258
9516,24.2136249982959
9517,13.8929830159353
9518,7.56995301039496
9519,5.51414273251744
9520,4.23604294634684
9521,3.95826472829493
9522,3.84763618574195
9523,3.78438709205258
9524,24.2136249982959
9525,13.8929830159353
9526,7.56995301039496
9527,5.51414273251744
9528,4.23604294634684
9529,3.95826472829493
9530,3.84763618574195
9531,3.78438709205258
9532,24.2136249982959
9533,13.8929830159353
9534,7.56995301039496
9535,5.51414273251744
9536,4.23604294634684
9537,3.95826472829493
9538,3.84763618574195
9539,3.78438709205258
9540,24.2136249982959
9541,13.8929830159353
9542,7.56995301039496
9543,5.51414273251744
9544,4.23604294634684
9545,3.95826472829493
9546,3.84763618574195
9547,3.78438709205258
9548,24.2136249982959
9549,13.8929830159353
9550,7.56995301039496
9551,5.51414273251744
9552,4.23604294634684
9553,3.95826472829493
9554,3.84763618574195
9555,3.78438709205258
9556,24.2136249982959
9557,13.8929830159353
9558,7.56995301039496
9559,5.51414273251744
9560,4.23604294634684
9561,3.95826472829493
9562,3.84763618574195
9563,3.78438709205258
9564,24.2136249982959
9565,13.8929830159353
9566,7.56995301039496
9567,5.51414273251744
9568,4.23604294634684
9569,3.95826472829493
9570,3.84763618574195
9571,3.78438709205258
9572,8.43062908187035
9573,6.47714482869575
9574,16.267177491524
9575,15.3771372668902
9576,12.959868241683
9577,6.95961883008852
9578,4.88089030921395
9579,114.758792361974
9580,8.93139327843432
9581,7.00695720784676
9582,7.02584146246573
9583,42.0728993094095
9584,22.621809198959
9585,14.3902572380605
9586,12.1930278597642
9587,10.5006390959716
9588,9.37537255542881
9589,4.59839879662464
9590,5.19757153903771
9591,16.2535634320408
9592,82.7469664045771
9593,47.5044758234415
9594,30.1138629554875
9595,10.9943817548621
9596,8.69507598141158
9597,7.86476922112291
9598,7.8377915208025
9599,7.70729257513913
9600,9.10999152042904
9601,26.7625920371518
9602,16.3280093389551
9603,9.90101577682484
9604,7.82957552535974
9605,6.56163338935624
9606,6.23742822821277
9607,6.09933455967468
9608,6.01375526676025
9609,15.6628293991044
9610,14.253940770963
9611,2.17893534380614
9612,65.189755140384
9613,26.7234193895214
9614,16.143691754968
9615,9.61206666134122
9616,7.48045554542989
9617,6.18022618959295
9618,5.86755653509906
9619,5.69399062994721
9620,5.63664837393211
9621,26.7234193895214
9622,16.143691754968
9623,9.61206666134122
9624,7.48045554542989
9625,6.18022618959295
9626,5.86755653509906
9627,5.69399062994721
9628,5.63664837393211
9629,7.05479443365624
9630,26.7625920371518
9631,16.3280093389551
9632,9.90101577682484
9633,7.82957552535974
9634,6.56163338935624
9635,6.23742822821277
9636,6.09933455967468
9637,6.01375526676025
9638,13.4492113582816
9639,12.2575620427874
9640,8.14212925473985
9641,15.4509200457831
9642,14.0837763298706
9643,12.4112975907633
9644,7.93945349031698
9645,28.4084758774283
9646,12.5958697021316
9647,10.2805232549667
9648,7.41756600283846
9649,5.7908418692092
9650,224.373132127336
9651,70.2077184830635
9652,51.5360168060908
9653,26.9273805107998
9654,24.5298168823437
9655,53.9397014820857
9656,54.7185522126774
9657,28.0785253526275
9658,41.7510559128876
9659,24.3273952587669
9660,18.5188253687183
9661,17.8162225573058
9662,8.32796266955214
9663,39.805656464812
9664,30.8985652347364
9665,20.7607090726655
9666,20.3159679856541
9667,16.5149607241157
9668,28.4084758774283
9669,12.5958697021316
9670,10.2805232549667
9671,7.41756600283846
9672,5.7908418692092
9673,9.9657104729686
9674,9.14402014952641
9675,8.06696358253947
9676,26.7625920371518
9677,16.3280093389551
9678,9.90101577682484
9679,7.82957552535974
9680,6.56163338935624
9681,6.23742822821277
9682,6.09933455967468
9683,6.01375526676025
9684,31.3341564748416
9685,6.62058230366705
9686,2.25309861329927
9687,19.4584429072617
9688,24.1505418678152
9689,22.0048154290942
9690,2.492149923945
9691,16.9615575426211
9692,11.2412372014254
9693,10.9246438883826
9694,24.2136249982959
9695,13.8929830159353
9696,7.56995301039496
9697,5.51414273251744
9698,4.23604294634684
9699,3.95826472829493
9700,3.84763618574195
9701,3.78438709205258
9702,24.5222585291227
9703,13.9833305273991
9704,7.59977034450347
9705,5.50234241257195
9706,4.19515569473415
9707,3.86186715489693
9708,3.73945024181551
9709,3.65786273756978
9710,13.4917050165599
9711,31.6759632645101
9712,67.5743611470462
9713,33.6981148392469
9714,12.3075473312159
9715,7.99793541626095
9716,13.5699978617428
9717,12.3075473312159
9718,12.3075473312159
9719,12.3075473312159
9720,12.3075473312159
9721,32.2099568199687
9722,6.34389271893131
9723,6.34389271893131
9724,8.23258871154501
9725,9.02538404692561
9726,36.1629534377903
9727,19.0252579896099
9728,12.3075473312159
9729,6.45037135851653
9730,22.6260297941708
9731,12.7474339428441
9732,6.72379638454855
9733,4.74990282488053
9734,3.51020060132022
9735,3.22218849512528
9736,3.12011612612803
9737,3.04623188666699
9738,12.3075473312159
9739,21.8516426669723
9740,8.98893589443028
9741,30.0679105067243
9742,6.34389271893131
9743,8.34953457107605
9744,57.2154187270463
9745,26.7625920371518
9746,16.3280093389551
9747,9.90101577682484
9748,7.82957552535974
9749,6.56163338935624
9750,6.23742822821277
9751,6.09933455967468
9752,6.01375526676025
9753,24.6719123385874
9754,21.4514031433631
9755,11.83035881375
9756,6.07283221320268
9757,4.15939747616126
9758,2.95761117828888
9759,2.65007311169848
9760,2.51890156991467
9761,2.46035756420342
9762,12.9618934397678
9763,24.2136249982959
9764,13.8929830159353
9765,7.56995301039496
9766,5.51414273251744
9767,4.23604294634684
9768,3.95826472829493
9769,3.84763618574195
9770,3.78438709205258
9771,24.2136249982959
9772,13.8929830159353
9773,7.56995301039496
9774,5.51414273251744
9775,4.23604294634684
9776,3.95826472829493
9777,3.84763618574195
9778,3.78438709205258
9779,26.7625920371518
9780,16.3280093389551
9781,9.90101577682484
9782,7.82957552535974
9783,6.56163338935624
9784,6.23742822821277
9785,6.09933455967468
9786,6.01375526676025
9787,26.7625920371518
9788,16.3280093389551
9789,9.90101577682484
9790,7.82957552535974
9791,6.56163338935624
9792,6.23742822821277
9793,6.09933455967468
9794,6.01375526676025
9795,26.7625920371518
9796,16.3280093389551
9797,9.90101577682484
9798,7.82957552535974
9799,6.56163338935624
9800,6.23742822821277
9801,6.09933455967468
9802,6.01375526676025
9803,26.7625920371518
9804,16.3280093389551
9805,9.90101577682484
9806,7.82957552535974
9807,6.56163338935624
9808,6.23742822821277
9809,6.09933455967468
9810,6.01375526676025
9811,26.7625920371518
9812,16.3280093389551
9813,9.90101577682484
9814,7.82957552535974
9815,6.56163338935624
9816,6.23742822821277
9817,6.09933455967468
9818,6.01375526676025
9819,26.7625920371518
9820,16.3280093389551
9821,9.90101577682484
9822,7.82957552535974
9823,6.56163338935624
9824,6.23742822821277
9825,6.09933455967468
9826,6.01375526676025
9827,7.54921703677864
9828,26.7625920371518
9829,16.3280093389551
9830,9.90101577682484
9831,7.82957552535974
9832,6.56163338935624
9833,6.23742822821277
9834,6.09933455967468
9835,6.01375526676025
9836,14.3749030143301
9837,9.52339136548033
9838,7.89799266550561
9839,5.98233115972637
9840,24.2136249982959
9841,13.8929830159353
9842,7.56995301039496
9843,5.51414273251744
9844,4.23604294634684
9845,3.95826472829493
9846,3.84763618574195
9847,3.78438709205258
9848,26.7234193895214
9849,16.143691754968
9850,9.61206666134122
9851,7.48045554542989
9852,6.18022618959295
9853,5.86755653509906
9854,5.69399062994721
9855,5.63664837393211
9856,24.2136249982959
9857,13.8929830159353
9858,7.56995301039496
9859,5.51414273251744
9860,4.23604294634684
9861,3.95826472829493
9862,3.84763618574195
9863,3.78438709205258
9864,24.2136249982959
9865,13.8929830159353
9866,7.56995301039496
9867,5.51414273251744
9868,4.23604294634684
9869,3.95826472829493
9870,3.84763618574195
9871,3.78438709205258
9872,24.2136249982959
9873,13.8929830159353
9874,7.56995301039496
9875,5.51414273251744
9876,4.23604294634684
9877,3.95826472829493
9878,3.84763618574195
9879,3.78438709205258
9880,23.8482426896362
9881,13.7313350436597
9882,7.55773398534525
9883,5.47934683077432
9884,4.18778816245127
9885,3.95128486365538
9886,3.79182403621529
9887,3.68452754495009
9888,26.7625920371518
9889,16.3280093389551
9890,9.90101577682484
9891,7.82957552535974
9892,6.56163338935624
9893,6.23742822821277
9894,6.09933455967468
9895,6.01375526676025
9896,26.7625920371518
9897,16.3280093389551
9898,9.90101577682484
9899,7.82957552535974
9900,6.56163338935624
9901,6.23742822821277
9902,6.09933455967468
9903,6.01375526676025
9904,175.912373686874
9905,75.5003255691295
9906,50.662707801882
9907,30.3850482760695
9908,21.7012432078901
9909,26.7625920371518
9910,16.3280093389551
9911,9.90101577682484
9912,7.82957552535974
9913,6.56163338935624
9914,6.23742822821277
9915,6.09933455967468
9916,6.01375526676025
9917,24.9594358393815
9918,6.21656302887373
9919,4.36650516104308
9920,128.203394668462
9921,27.3837906111071
9922,12.0086852483482
9923,7.71981723586295
9924,38.2519354431485
9925,11.6158554706443
9926,12.3291000516753
9927,22.1747283873959
9928,12.4249677571169
9929,6.57748985949333
9930,4.63815341250557
9931,3.42937039123848
9932,3.12903934548496
9933,3.02141548049434
9934,2.97478154136729
9935,23.6677719159234
9936,13.4730713844553
9937,7.35431232085649
9938,5.33720752530982
9939,4.07969190527036
9940,3.77259940659973
9941,3.64246097809706
9942,3.58003058385868
9943,22.1747283873959
9944,12.4249677571169
9945,6.57748985949333
9946,4.63815341250557
9947,3.42937039123848
9948,3.12903934548496
9949,3.02141548049434
9950,2.97478154136729
9951,23.6677719159234
9952,13.4730713844553
9953,7.35431232085649
9954,5.33720752530982
9955,4.07969190527036
9956,3.77259940659973
9957,3.64246097809706
9958,3.58003058385868
9959,26.7234193895214
9960,16.143691754968
9961,9.61206666134122
9962,7.48045554542989
9963,6.18022618959295
9964,5.86755653509906
9965,5.69399062994721
9966,5.63664837393211
9967,26.7234193895214
9968,16.143691754968
9969,9.61206666134122
9970,7.48045554542989
9971,6.18022618959295
9972,5.86755653509906
9973,5.69399062994721
9974,5.63664837393211
9975,26.7234193895214
9976,16.143691754968
9977,9.61206666134122
9978,7.48045554542989
9979,6.18022618959295
9980,5.86755653509906
9981,5.69399062994721
9982,5.63664837393211
9983,136.489232321045
9984,2.79509560966037
9985,4.70524735750757
9986,4.50062505911876
9987,4.86256490345063
9988,25.461343619985
9989,25.461343619985
9990,21.5402179428446
9991,11.9545178239482
9992,6.18274308853252
9993,4.28278940695766
9994,3.08655054349142
9995,2.77778804475034
9996,2.67345061970601
9997,2.62007477606389
9998,21.5402179428446
9999,11.9545178239482
10000,6.18274308853252
10001,4.28278940695766
10002,3.08655054349142
10003,2.77778804475034
10004,2.67345061970601
10005,2.62007477606389
10006,7.41012249518483
10007,8.87943850925754
10008,26.7234193895214
10009,16.143691754968
10010,9.61206666134122
10011,7.48045554542989
10012,6.18022618959295
10013,5.86755653509906
10014,5.69399062994721
10015,5.63664837393211
10016,36.8783928415766
10017,54.2860844916635
10018,30.2528948384326
10019,20.8408501544131
10020,20.1147921572253
10021,11.5953470636338
10022,42.2695238280708
10023,27.3901935616239
10024,19.8525020973634
10025,24.1839530444906
10026,14.0775306801046
10027,8.032049460752
10028,6.01378803143455
10029,4.81692017366605
10030,4.56553711353257
10031,4.40744609883132
10032,4.36270506297057
10033,21.6232188915676
10034,15.0376992817406
10035,12.2037744576714
10036,11.8414106782635
10037,7.86709249879416
10038,4.36650516104308
10039,4.68331576131841
10040,52.670362929171
10041,38.3876560373548
10042,17.8379024480265
10043,12.7889750088161
10044,9.22065712378139
10045,7.33044635603659
10046,6.89259791368501
10047,6.81575388229678
10048,23.8851430496767
10049,24.8811513504667
10050,21.5402179428446
10051,11.9545178239482
10052,6.18274308853252
10053,4.28278940695766
10054,3.08655054349142
10055,2.77778804475034
10056,2.67345061970601
10057,2.62007477606389
10058,68.0554946196303
10059,3.73185936704448
10060,5.3581684623438
10061,29.1908797082706
10062,24.0350730478665
10063,14.0808421758205
10064,8.18292367356611
10065,6.20423437449385
10066,5.03515806242805
10067,4.69198151300736
10068,4.50938557795379
10069,21.4514031433631
10070,11.83035881375
10071,6.07283221320268
10072,4.15939747616126
10073,2.95761117828888
10074,2.65007311169848
10075,2.51890156991467
10076,2.46035756420342
10077,11.1848775855927
10078,9.2485768782617
10079,6.8768982529026
10080,26.7625920371518
10081,16.3280093389551
10082,9.90101577682484
10083,7.82957552535974
10084,6.56163338935624
10085,6.23742822821277
10086,6.09933455967468
10087,6.01375526676025
10088,6.05248123898603
10089,238.594842592125
10090,37.089833851831
10091,34.5794148408203
10092,34.4891542875733
10093,35.1392341806922
10094,16.9583971815887
10095,7.99734252289924
10096,26.7625920371518
10097,16.3280093389551
10098,9.90101577682484
10099,7.82957552535974
10100,6.56163338935624
10101,6.23742822821277
10102,6.09933455967468
10103,6.01375526676025
10104,26.7625920371518
10105,16.3280093389551
10106,9.90101577682484
10107,7.82957552535974
10108,6.56163338935624
10109,6.23742822821277
10110,6.09933455967468
10111,6.01375526676025
10112,25.2706297267436
10113,9.28387001173927
10114,10.0901764413978
10115,7.07300287550236
10116,6.28627552771024
10117,14.9447240237261
10118,15.0215064150656
10119,7.86997585505197
10120,7.48794543637606
10121,13.227037889621
10122,10.157160324949
10123,9.35569902810754
10124,8.26235698358187
10125,6.71145603218047
10126,6.37744032086944
10127,6.29112476810162
10128,6.27531651463608
10129,20.2997129487653
10130,11.8198484369553
10131,10.355303967331
10132,9.0953285841448
10133,7.82619641377951
10134,26.7234193895214
10135,16.143691754968
10136,9.61206666134122
10137,7.48045554542989
10138,6.18022618959295
10139,5.86755653509906
10140,5.69399062994721
10141,5.63664837393211
10142,26.7234193895214
10143,16.143691754968
10144,9.61206666134122
10145,7.48045554542989
10146,6.18022618959295
10147,5.86755653509906
10148,5.69399062994721
10149,5.63664837393211
10150,26.7234193895214
10151,16.143691754968
10152,9.61206666134122
10153,7.48045554542989
10154,6.18022618959295
10155,5.86755653509906
10156,5.69399062994721
10157,5.63664837393211
10158,26.7234193895214
10159,16.143691754968
10160,9.61206666134122
10161,7.48045554542989
10162,6.18022618959295
10163,5.86755653509906
10164,5.69399062994721
10165,5.63664837393211
10166,23.6677719159234
10167,13.4730713844553
10168,7.35431232085649
10169,5.33720752530982
10170,4.07969190527036
10171,3.77259940659973
10172,3.64246097809706
10173,3.58003058385868
10174,132.14830255471
10175,7.38886966142926
10176,7.33460735044257
10177,30.9901564200514
10178,17.6120613284054
10179,14.8751134048415
10180,14.8872799546446
10181,13.809678067633
10182,6.56107051987898
10183,11.3384181026728
10184,11.0055196051702
10185,5.18022946002722
10186,22.2492654243235
10187,22.2492654243235
10188,3.60546426677653
10189,13.2783067737774
10190,13.0863463417085
10191,5.21194759642604
10192,33.0785748542422
10193,30.7594934529193
10194,13.4414864810989
10195,5.17731388240625
10196,5.91904216006009
10197,3.42496776194652
10198,6.84789543099068
10199,6.5230168160527
10200,6.04409893230342
10201,12.3111199985837
10202,7.98035821372907
10203,7.94734490992267
10204,4.79868203392402
10205,19.3035888694322
10206,12.0247266626976
10207,11.401267320636
10208,8.22648756209727
10209,7.95042986211572
10210,4.96478512939291
10211,9.15332966711603
10212,22.2492654243235
10213,82.7894053044944
10214,8.32089617881819
10215,3.60546426677653
10216,14.6855318919805
10217,10.1344629556462
10218,9.64558370414928
10219,4.64165002967316
10220,4.03967251626719
10221,4.00505315287108
10222,14.1058824875782
10223,9.45617852060277
10224,4.75645087577272
10225,50.5483408550495
10226,48.1479635069495
10227,18.0847322338122
10228,23.7049303783097
10229,13.4247526220023
10230,12.2944908231795
10231,26.0499250356916
10232,11.2301295615943
10233,5.2886296028528
10234,15.4527578114257
10235,10.1523092769382
10236,9.1438489558568
10237,26.0499250356916
10238,11.2301295615943
10239,5.2886296028528
10240,9.15332966711603
10241,9.15332966711603
10242,9.3220501500882
10243,3.60546426677653
10244,22.2492654243235
10245,10.7313787646227
10246,9.5325271124903
10247,6.08425733734355
10248,8.55412941688779
10249,8.04931496432474
10250,5.92565295200238
10251,28.9713864298578
10252,14.6655131697818
10253,13.7717899145325
10254,12.9850999914178
10255,7.32839095619256
10256,6.64543371464271
10257,13.2262694071803
10258,10.2107093773672
10259,7.35398591341932
10260,25.7999080098128
10261,14.1587407663488
10262,12.7554155631251
10263,11.9447119753013
10264,6.5098959562904
10265,6.51293948660799
10266,21.3604349088987
10267,21.4807334091212
10268,22.4921185361287
10269,13.2345053060512
10270,13.6001757664786
10271,5.81780396149936
10272,22.2492654243235
10273,22.2492654243235
10274,10.4825793456115
10275,9.18568260528623
10276,6.89977248693347
10277,9.15332966711603
10278,38.9019065848158
10279,12.3050258234094
10280,11.1237752322218
10281,5.63817819869072
10282,5.65641509504796
10283,3.28885673820568
10284,7.20794627204086
10285,86.3260837413622
10286,12.1605674393637
10287,46.8933189506967
10288,24.6655590627163
10289,14.2954618961698
10290,13.4045546098909
10291,9.0597356302013
10292,20.1762992643345
10293,14.0488396557572
10294,10.7074560424733
10295,9.4160504405854
10296,7.05647646575319
10297,24.0350730478665
10298,14.0808421758205
10299,8.18292367356611
10300,6.20423437449385
10301,5.03515806242805
10302,4.69198151300736
10303,4.50938557795379
10304,21.4514031433631
10305,11.83035881375
10306,6.07283221320268
10307,4.15939747616126
10308,2.95761117828888
10309,2.65007311169848
10310,2.51890156991467
10311,2.46035756420342
10312,23.6677719159234
10313,13.4730713844553
10314,7.35431232085649
10315,5.33720752530982
10316,4.07969190527036
10317,3.77259940659973
10318,3.64246097809706
10319,3.58003058385868
10320,2.17205105686867
10321,7.68848286467696
10322,5.31324123878819
10323,7.68848286467696
10324,10.7284465892398
10325,11.8004304103295
10326,4.18824651787572
10327,5.55200267811931
10328,32.3582627026334
10329,20.6638776922052
10330,12.508724724399
10331,11.8899866993289
10332,8.58817290250782
10333,12.0454520090838
10334,9.46465364460698
10335,9.29945803803464
10336,6.88426409155968
10337,26.7625920371518
10338,16.3280093389551
10339,9.90101577682484
10340,7.82957552535974
10341,6.56163338935624
10342,6.23742822821277
10343,6.09933455967468
10344,6.01375526676025
10345,26.7625920371518
10346,16.3280093389551
10347,9.90101577682484
10348,7.82957552535974
10349,6.56163338935624
10350,6.23742822821277
10351,6.09933455967468
10352,6.01375526676025
10353,2.53018362224238
10354,10.7986269213761
10355,26.7625920371518
10356,16.3280093389551
10357,9.90101577682484
10358,7.82957552535974
10359,6.56163338935624
10360,6.23742822821277
10361,6.09933455967468
10362,6.01375526676025
10363,26.7625920371518
10364,16.3280093389551
10365,9.90101577682484
10366,7.82957552535974
10367,6.56163338935624
10368,6.23742822821277
10369,6.09933455967468
10370,6.01375526676025
10371,14.1370383339615
10372,24.8336972834681
10373,13.3495559492913
10374,5.72657424851948
10375,3.06305587484904
10376,3.06305587484904
10377,24.2901791805059
10378,13.9324834498643
10379,7.6722627363381
10380,5.61975605490777
10381,4.3507575859068
10382,4.02131456127751
10383,3.90394869362584
10384,3.83163546092023
10385,29.4424234840743
10386,19.2736888519068
10387,12.6653297029527
10388,10.0999870780092
10389,6.34075656967242
10390,4.79329859397392
10391,4.61691814349453
10392,4.54433323062008
10393,2.26744428296095
10394,5.81084011802061
10395,5.11058206213338
10396,21.4651883063523
10397,13.6175250794194
10398,12.5778359930661
10399,10.5144469545594
10400,19.0063393653673
10401,16.7742027744813
10402,9.83656702655913
10403,9.61241003682122
10404,7.28262116188202
10405,6.17334847418905
10406,25.2201043167176
10407,15.4124761300228
10408,9.58431023381071
10409,7.61884995742333
10410,6.29160034911094
10411,6.05894376834789
10412,5.8604709587276
10413,5.75719041473762
10414,75.3575193767287
10415,75.3575193767287
10416,15.1029360791461
10417,73.475094626985
10418,22.512863448578
10419,13.9925352692225
10420,8.66974164740232
10421,7.53517223935308
10422,6.98451623203529
10423,6.80338262643111
10424,6.62569429925502
10425,26.7234193895214
10426,16.143691754968
10427,9.61206666134122
10428,7.48045554542989
10429,6.18022618959295
10430,5.86755653509906
10431,5.69399062994721
10432,5.63664837393211
10433,16.0192191497959
10434,7.70052703435799
10435,7.87629262966118
10436,69.207591950855
10437,8.02759977790057
10438,7.25762676193848
10439,5.59628581871738
10440,26.7625920371518
10441,16.3280093389551
10442,9.90101577682484
10443,7.82957552535974
10444,6.56163338935624
10445,6.23742822821277
10446,6.09933455967468
10447,6.01375526676025
10448,5.02711246644414
10449,24.2901791805059
10450,13.9324834498643
10451,7.6722627363381
10452,5.61975605490777
10453,4.3507575859068
10454,4.02131456127751
10455,3.90394869362584
10456,3.83163546092023
10457,26.7234193895214
10458,16.143691754968
10459,9.61206666134122
10460,7.48045554542989
10461,6.18022618959295
10462,5.86755653509906
10463,5.69399062994721
10464,5.63664837393211
10465,21.5402179428446
10466,11.9545178239482
10467,6.18274308853252
10468,4.28278940695766
10469,3.08655054349142
10470,2.77778804475034
10471,2.67345061970601
10472,2.62007477606389
10473,15.629456976007
10474,12.5394025492099
10475,21.5402179428446
10476,11.9545178239482
10477,6.18274308853252
10478,4.28278940695766
10479,3.08655054349142
10480,2.77778804475034
10481,2.67345061970601
10482,2.62007477606389
10483,21.5402179428446
10484,11.9545178239482
10485,6.18274308853252
10486,4.28278940695766
10487,3.08655054349142
10488,2.77778804475034
10489,2.67345061970601
10490,2.62007477606389
10491,21.5402179428446
10492,11.9545178239482
10493,6.18274308853252
10494,4.28278940695766
10495,3.08655054349142
10496,2.77778804475034
10497,2.67345061970601
10498,2.62007477606389
10499,30.4810364020266
10500,4.85585234946945
10501,12.0434375825707
10502,10.8428525838131
10503,10.5408781233802
10504,8.26911664960745
10505,11.8198484369553
10506,10.355303967331
10507,9.0953285841448
10508,7.82619641377951
10509,20.9245826699589
10510,13.227037889621
10511,10.157160324949
10512,9.35569902810754
10513,8.26235698358187
10514,22.6260297941708
10515,12.7474339428441
10516,6.72379638454855
10517,4.74990282488053
10518,3.51020060132022
10519,3.22218849512528
10520,3.12011612612803
10521,3.04623188666699
10522,3.06305587484904
10523,5.99139480217476
10524,22.1747283873959
10525,12.4249677571169
10526,6.57748985949333
10527,4.63815341250557
10528,3.42937039123848
10529,3.12903934548496
10530,3.02141548049434
10531,2.97478154136729
10532,9.87328662613869
10533,5.97058137798965
10534,6.17593471867626
10535,91.812434905338
10536,48.4859727721205
10537,44.0072206379686
10538,37.4548329092867
10539,13.5214903755368
10540,28.5732387528991
10541,22.7936778133988
10542,14.8288033364756
10543,13.1375577193977
10544,10.1608344840491
10545,28.5732387528991
10546,22.7936778133988
10547,14.8288033364756
10548,13.1375577193977
10549,10.1608344840491
10550,34.5079054912096
10551,24.2109203047115
10552,15.0880093421399
10553,13.2025603493984
10554,11.9281760773091
10555,9.72172615503804
10556,32.1981251394893
10557,4.14937902634128
10558,6.1693790470283
10559,11.7876265305127
10560,5.97656696723956
10561,68.5635374343388
10562,12.4913330977857
10563,13.8099581530559
10564,58.1611227587647
10565,47.6018132282755
10566,24.2901791805059
10567,13.9324834498643
10568,7.6722627363381
10569,5.61975605490777
10570,4.3507575859068
10571,4.02131456127751
10572,3.90394869362584
10573,3.83163546092023
10574,27.0818272649736
10575,17.383466859111
10576,10.9294012193729
10577,11.650679565626
10578,24.9307754148603
10579,14.5275044221937
10580,8.07609013114248
10581,6.03045160920204
10582,4.68776836222145
10583,4.44634185290089
10584,4.30140865226344
10585,4.2517046861084
10586,23.8482426896362
10587,13.7313350436597
10588,7.55773398534525
10589,5.47934683077432
10590,4.18778816245127
10591,3.95128486365538
10592,3.79182403621529
10593,3.68452754495009
10594,32.0792858046355
10595,16.1330454213334
10596,11.839729203404
10597,11.0528139690341
10598,7.35567378892941
10599,31.4002690718512
10600,19.6395174736572
10601,15.8362767334694
10602,15.2910421989069
10603,4.08899762901799
10604,31.4002690718512
10605,19.6395174736572
10606,15.8362767334694
10607,15.2910421989069
10608,21.5402179428446
10609,11.9545178239482
10610,6.18274308853252
10611,4.28278940695766
10612,3.08655054349142
10613,2.77778804475034
10614,2.67345061970601
10615,2.62007477606389
10616,21.5402179428446
10617,11.9545178239482
10618,6.18274308853252
10619,4.28278940695766
10620,3.08655054349142
10621,2.77778804475034
10622,2.67345061970601
10623,2.62007477606389
10624,21.5402179428446
10625,11.9545178239482
10626,6.18274308853252
10627,4.28278940695766
10628,3.08655054349142
10629,2.77778804475034
10630,2.67345061970601
10631,2.62007477606389
10632,21.5402179428446
10633,11.9545178239482
10634,6.18274308853252
10635,4.28278940695766
10636,3.08655054349142
10637,2.77778804475034
10638,2.67345061970601
10639,2.62007477606389
10640,11.9287135697094
10641,7.22812065110073
10642,6.6906884174226
10643,5.69534880934578
10644,30.0786028128472
10645,13.7691278722798
10646,12.5629052817338
10647,10.7466011354763
10648,10.8493005264318
10649,8.06037104209951
10650,46.9610986073012
10651,21.6965201855549
10652,21.4944271912623
10653,12.1495502337857
10654,44.5728258064715
10655,26.7625920371518
10656,16.3280093389551
10657,9.90101577682484
10658,7.82957552535974
10659,6.56163338935624
10660,6.23742822821277
10661,6.09933455967468
10662,6.01375526676025
10663,12.4813528585009
10664,32.4888427014642
10665,6.90651215297404
10666,2.16551631763127
10667,64.5410913676734
10668,5.09867957357995
10669,35.195853302335
10670,6.15668129933866
10671,24.0350730478665
10672,14.0808421758205
10673,8.18292367356611
10674,6.20423437449385
10675,5.03515806242805
10676,4.69198151300736
10677,4.50938557795379
10678,41.3811487132872
10679,4.16192589646815
10680,4.65377022345078
10681,4.2603543423438
10682,28.6146712279253
10683,26.7625920371518
10684,16.3280093389551
10685,9.90101577682484
10686,7.82957552535974
10687,6.56163338935624
10688,6.23742822821277
10689,6.09933455967468
10690,6.01375526676025
10691,26.7625920371518
10692,16.3280093389551
10693,9.90101577682484
10694,7.82957552535974
10695,6.56163338935624
10696,6.23742822821277
10697,6.09933455967468
10698,6.01375526676025
10699,26.7625920371518
10700,16.3280093389551
10701,9.90101577682484
10702,7.82957552535974
10703,6.56163338935624
10704,6.23742822821277
10705,6.09933455967468
10706,6.01375526676025
10707,26.7234193895214
10708,16.143691754968
10709,9.61206666134122
10710,7.48045554542989
10711,6.18022618959295
10712,5.86755653509906
10713,5.69399062994721
10714,5.63664837393211
10715,26.7234193895214
10716,16.143691754968
10717,9.61206666134122
10718,7.48045554542989
10719,6.18022618959295
10720,5.86755653509906
10721,5.69399062994721
10722,5.63664837393211
10723,26.7625920371518
10724,16.3280093389551
10725,9.90101577682484
10726,7.82957552535974
10727,6.56163338935624
10728,6.23742822821277
10729,6.09933455967468
10730,6.01375526676025
10731,6.72006771266787
10732,2.34288729777803
10733,3.80165930334305
10734,25.2201043167176
10735,15.4124761300228
10736,9.58431023381071
10737,7.61884995742333
10738,6.29160034911094
10739,6.05894376834789
10740,5.8604709587276
10741,5.75719041473762
10742,8.41901006430641
10743,6.53711519052743
10744,23.8482426896362
10745,13.7313350436597
10746,7.55773398534525
10747,5.47934683077432
10748,4.18778816245127
10749,3.95128486365538
10750,3.79182403621529
10751,3.68452754495009
10752,22.1747283873959
10753,12.4249677571169
10754,6.57748985949333
10755,4.63815341250557
10756,3.42937039123848
10757,3.12903934548496
10758,3.02141548049434
10759,2.97478154136729
10760,30.9288694042607
10761,7.43279889034313
10762,3.10423198664103
10763,24.2136249982959
10764,13.8929830159353
10765,7.56995301039496
10766,5.51414273251744
10767,4.23604294634684
10768,3.95826472829493
10769,3.84763618574195
10770,3.78438709205258
10771,24.2136249982959
10772,13.8929830159353
10773,7.56995301039496
10774,5.51414273251744
10775,4.23604294634684
10776,3.95826472829493
10777,3.84763618574195
10778,3.78438709205258
10779,24.2136249982959
10780,13.8929830159353
10781,7.56995301039496
10782,5.51414273251744
10783,4.23604294634684
10784,3.95826472829493
10785,3.84763618574195
10786,3.78438709205258
10787,24.2136249982959
10788,13.8929830159353
10789,7.56995301039496
10790,5.51414273251744
10791,4.23604294634684
10792,3.95826472829493
10793,3.84763618574195
10794,3.78438709205258
10795,24.2136249982959
10796,13.8929830159353
10797,7.56995301039496
10798,5.51414273251744
10799,4.23604294634684
10800,3.95826472829493
10801,3.84763618574195
10802,3.78438709205258
10803,12.8507512851923
10804,13.3806963254392
10805,3.25320151949733
10806,23.6677719159234
10807,13.4730713844553
10808,7.35431232085649
10809,5.33720752530982
10810,4.07969190527036
10811,3.77259940659973
10812,3.64246097809706
10813,3.58003058385868
10814,23.6677719159234
10815,13.4730713844553
10816,7.35431232085649
10817,5.33720752530982
10818,4.07969190527036
10819,3.77259940659973
10820,3.64246097809706
10821,3.58003058385868
10822,23.6677719159234
10823,13.4730713844553
10824,7.35431232085649
10825,5.33720752530982
10826,4.07969190527036
10827,3.77259940659973
10828,3.64246097809706
10829,3.58003058385868
10830,22.1747283873959
10831,12.4249677571169
10832,6.57748985949333
10833,4.63815341250557
10834,3.42937039123848
10835,3.12903934548496
10836,3.02141548049434
10837,2.97478154136729
10838,22.1747283873959
10839,12.4249677571169
10840,6.57748985949333
10841,4.63815341250557
10842,3.42937039123848
10843,3.12903934548496
10844,3.02141548049434
10845,2.97478154136729
10846,24.5222585291227
10847,13.9833305273991
10848,7.59977034450347
10849,5.50234241257195
10850,4.19515569473415
10851,3.86186715489693
10852,3.73945024181551
10853,3.65786273756978
10854,25.2201043167176
10855,15.4124761300228
10856,9.58431023381071
10857,7.61884995742333
10858,6.29160034911094
10859,6.05894376834789
10860,5.8604709587276
10861,5.75719041473762
10862,24.0350730478665
10863,14.0808421758205
10864,8.18292367356611
10865,6.20423437449385
10866,5.03515806242805
10867,4.69198151300736
10868,4.50938557795379
10869,24.0350730478665
10870,14.0808421758205
10871,8.18292367356611
10872,6.20423437449385
10873,5.03515806242805
10874,4.69198151300736
10875,4.50938557795379
10876,24.0350730478665
10877,14.0808421758205
10878,8.18292367356611
10879,6.20423437449385
10880,5.03515806242805
10881,4.69198151300736
10882,4.50938557795379
10883,24.0350730478665
10884,14.0808421758205
10885,8.18292367356611
10886,6.20423437449385
10887,5.03515806242805
10888,4.69198151300736
10889,4.50938557795379
10890,24.5222585291227
10891,13.9833305273991
10892,7.59977034450347
10893,5.50234241257195
10894,4.19515569473415
10895,3.86186715489693
10896,3.73945024181551
10897,3.65786273756978
10898,24.0350730478665
10899,14.0808421758205
10900,8.18292367356611
10901,6.20423437449385
10902,5.03515806242805
10903,4.69198151300736
10904,4.50938557795379
10905,21.5811054214194
10906,11.9967729811674
10907,6.22847349048808
10908,4.30188163378876
10909,3.07602197508895
10910,2.77246088880403
10911,2.68412859353427
10912,2.62487021730008
10913,21.4514031433631
10914,11.83035881375
10915,6.07283221320268
10916,4.15939747616126
10917,2.95761117828888
10918,2.65007311169848
10919,2.51890156991467
10920,2.46035756420342
10921,24.1839530444906
10922,14.0775306801046
10923,8.032049460752
10924,6.01378803143455
10925,4.81692017366605
10926,4.56553711353257
10927,4.40744609883132
10928,4.36270506297057
10929,21.4514031433631
10930,11.83035881375
10931,6.07283221320268
10932,4.15939747616126
10933,2.95761117828888
10934,2.65007311169848
10935,2.51890156991467
10936,2.46035756420342
10937,21.5402179428446
10938,11.9545178239482
10939,6.18274308853252
10940,4.28278940695766
10941,3.08655054349142
10942,2.77778804475034
10943,2.67345061970601
10944,2.62007477606389
10945,26.0638950865987
10946,14.0298354565947
10947,24.3890447162156
10948,23.5087916006851
10949,23.2029446704094
10950,12.4786273515715
10951,13.2637132994276
10952,7.24635568176228
10953,6.18726514983508
10954,1.5803222043561
10955,44.9057076699538
10956,38.2969945805409
10957,21.2127955062912
10958,22.0062331650698
10959,26.7234193895214
10960,16.143691754968
10961,9.61206666134122
10962,7.48045554542989
10963,6.18022618959295
10964,5.86755653509906
10965,5.69399062994721
10966,5.63664837393211
10967,22.1747283873959
10968,12.4249677571169
10969,6.57748985949333
10970,4.63815341250557
10971,3.42937039123848
10972,3.12903934548496
10973,3.02141548049434
10974,2.97478154136729
10975,23.6677719159234
10976,13.4730713844553
10977,7.35431232085649
10978,5.33720752530982
10979,4.07969190527036
10980,3.77259940659973
10981,3.64246097809706
10982,3.58003058385868
10983,23.6677719159234
10984,13.4730713844553
10985,7.35431232085649
10986,5.33720752530982
10987,4.07969190527036
10988,3.77259940659973
10989,3.64246097809706
10990,3.58003058385868
10991,26.0992535419483
10992,17.6486109399924
10993,12.6738090430608
10994,13.661155479132
10995,9.70334025910377
10996,8.58046205248261
10997,23.6677719159234
10998,13.4730713844553
10999,7.35431232085649
11000,5.33720752530982
11001,4.07969190527036
11002,3.77259940659973
11003,3.64246097809706
11004,3.58003058385868
11005,80.8288483895174
11006,48.8287773657517
11007,4.00307365700777
11008,26.7234193895214
11009,16.143691754968
11010,9.61206666134122
11011,7.48045554542989
11012,6.18022618959295
11013,5.86755653509906
11014,5.69399062994721
11015,5.63664837393211
11016,26.7234193895214
11017,16.143691754968
11018,9.61206666134122
11019,7.48045554542989
11020,6.18022618959295
11021,5.86755653509906
11022,5.69399062994721
11023,5.63664837393211
11024,26.7234193895214
11025,16.143691754968
11026,9.61206666134122
11027,7.48045554542989
11028,6.18022618959295
11029,5.86755653509906
11030,5.69399062994721
11031,5.63664837393211
11032,23.6677719159234
11033,13.4730713844553
11034,7.35431232085649
11035,5.33720752530982
11036,4.07969190527036
11037,3.77259940659973
11038,3.64246097809706
11039,3.58003058385868
11040,24.2136249982959
11041,13.8929830159353
11042,7.56995301039496
11043,5.51414273251744
11044,4.23604294634684
11045,3.95826472829493
11046,3.84763618574195
11047,3.78438709205258
11048,24.2136249982959
11049,13.8929830159353
11050,7.56995301039496
11051,5.51414273251744
11052,4.23604294634684
11053,3.95826472829493
11054,3.84763618574195
11055,3.78438709205258
11056,26.7234193895214
11057,16.143691754968
11058,9.61206666134122
11059,7.48045554542989
11060,6.18022618959295
11061,5.86755653509906
11062,5.69399062994721
11063,5.63664837393211
11064,26.7234193895214
11065,16.143691754968
11066,9.61206666134122
11067,7.48045554542989
11068,6.18022618959295
11069,5.86755653509906
11070,5.69399062994721
11071,5.63664837393211
11072,26.7234193895214
11073,16.143691754968
11074,9.61206666134122
11075,7.48045554542989
11076,6.18022618959295
11077,5.86755653509906
11078,5.69399062994721
11079,5.63664837393211
11080,10.5324939283293
11081,16.0774015812563
11082,8.43062908187035
11083,22.5127071425449
11084,4.24672735936969
11085,55.6777849355729
11086,22.6260297941708
11087,12.7474339428441
11088,6.72379638454855
11089,4.74990282488053
11090,3.51020060132022
11091,3.22218849512528
11092,3.12011612612803
11093,3.04623188666699
11094,26.7234193895214
11095,16.143691754968
11096,9.61206666134122
11097,7.48045554542989
11098,6.18022618959295
11099,5.86755653509906
11100,5.69399062994721
11101,5.63664837393211
11102,26.7234193895214
11103,16.143691754968
11104,9.61206666134122
11105,7.48045554542989
11106,6.18022618959295
11107,5.86755653509906
11108,5.69399062994721
11109,5.63664837393211
11110,238.594842592125
11111,131.723219629452
11112,85.5909338334602
11113,37.089833851831
11114,31.0154736834626
11115,26.7234193895214
11116,16.143691754968
11117,9.61206666134122
11118,7.48045554542989
11119,6.18022618959295
11120,5.86755653509906
11121,5.69399062994721
11122,5.63664837393211
11123,26.7234193895214
11124,16.143691754968
11125,9.61206666134122
11126,7.48045554542989
11127,6.18022618959295
11128,5.86755653509906
11129,5.69399062994721
11130,5.63664837393211
11131,26.7234193895214
11132,16.143691754968
11133,9.61206666134122
11134,7.48045554542989
11135,6.18022618959295
11136,5.86755653509906
11137,5.69399062994721
11138,5.63664837393211
11139,26.7234193895214
11140,16.143691754968
11141,9.61206666134122
11142,7.48045554542989
11143,6.18022618959295
11144,5.86755653509906
11145,5.69399062994721
11146,5.63664837393211
11147,24.5222585291227
11148,13.9833305273991
11149,7.59977034450347
11150,5.50234241257195
11151,4.19515569473415
11152,3.86186715489693
11153,3.73945024181551
11154,3.65786273756978
11155,55.6633018478853
11156,43.6436267345992
11157,89.8316557782176
11158,31.345575229731
11159,26.7234193895214
11160,16.143691754968
11161,9.61206666134122
11162,7.48045554542989
11163,6.18022618959295
11164,5.86755653509906
11165,5.69399062994721
11166,5.63664837393211
11167,27.7025618422784
11168,19.3458846250057
11169,17.7916784762842
11170,16.1561300875961
11171,24.5222585291227
11172,13.9833305273991
11173,7.59977034450347
11174,5.50234241257195
11175,4.19515569473415
11176,3.86186715489693
11177,3.73945024181551
11178,3.65786273756978
11179,16.2531477948897
11180,6.95969779115069
11181,5.34255313034073
11182,12.0065961364725
11183,26.7625920371518
11184,16.3280093389551
11185,9.90101577682484
11186,7.82957552535974
11187,6.56163338935624
11188,6.23742822821277
11189,6.09933455967468
11190,6.01375526676025
11191,27.840022096316
11192,4.24672735936969
11193,4.24672735936969
11194,4.43058406981855
11195,76.5604848398713
11196,24.0350730478665
11197,14.0808421758205
11198,8.18292367356611
11199,6.20423437449385
11200,5.03515806242805
11201,4.69198151300736
11202,4.50938557795379
11203,24.0350730478665
11204,14.0808421758205
11205,8.18292367356611
11206,6.20423437449385
11207,5.03515806242805
11208,4.69198151300736
11209,4.50938557795379
11210,1.99963164026712
11211,13.8118041176425
11212,4.78431784695592
11213,24.2235281993481
11214,19.8774139595245
11215,13.1852049171966
11216,12.7567703261871
11217,5.65928378406665
11218,4.97933546147604
11219,3.41545143677453
11220,2.80352542523773
11221,3.25320151949733
11222,21.5402179428446
11223,11.9545178239482
11224,6.18274308853252
11225,4.28278940695766
11226,3.08655054349142
11227,2.77778804475034
11228,2.67345061970601
11229,2.62007477606389
11230,21.5402179428446
11231,11.9545178239482
11232,6.18274308853252
11233,4.28278940695766
11234,3.08655054349142
11235,2.77778804475034
11236,2.67345061970601
11237,2.62007477606389
11238,24.2901791805059
11239,13.9324834498643
11240,7.6722627363381
11241,5.61975605490777
11242,4.3507575859068
11243,4.02131456127751
11244,3.90394869362584
11245,3.83163546092023
11246,19.6514511979591
11247,8.22636270776909
11248,18.6077723063086
11249,26.7234193895214
11250,16.143691754968
11251,9.61206666134122
11252,7.48045554542989
11253,6.18022618959295
11254,5.86755653509906
11255,5.69399062994721
11256,5.63664837393211
11257,26.7234193895214
11258,16.143691754968
11259,9.61206666134122
11260,7.48045554542989
11261,6.18022618959295
11262,5.86755653509906
11263,5.69399062994721
11264,5.63664837393211
11265,26.7234193895214
11266,16.143691754968
11267,9.61206666134122
11268,7.48045554542989
11269,6.18022618959295
11270,5.86755653509906
11271,5.69399062994721
11272,5.63664837393211
11273,43.8010607947773
11274,22.8597373453623
11275,9.01484045010362
11276,4.67316562456751
11277,4.13777410399714
11278,24.9307754148603
11279,14.5275044221937
11280,8.07609013114248
11281,6.03045160920204
11282,4.68776836222145
11283,4.44634185290089
11284,4.30140865226344
11285,4.2517046861084
11286,33.6967241328841
11287,24.3217774071045
11288,13.9459415617125
11289,13.1173316532715
11290,7.39698946346514
11291,40.4393516112486
11292,25.1215662256784
11293,11.9293314232424
11294,42.1211422747924
11295,5.84855059374878
11296,8.44487790530115
11297,24.0350730478665
11298,14.0808421758205
11299,8.18292367356611
11300,6.20423437449385
11301,5.03515806242805
11302,4.69198151300736
11303,4.50938557795379
11304,20.7536169224632
11305,13.2593763047526
11306,12.3951147970302
11307,9.47159846174473
11308,9.58796826933012
11309,14.5731195135477
11310,16.0965929858664
11311,24.5222585291227
11312,13.9833305273991
11313,7.59977034450347
11314,5.50234241257195
11315,4.19515569473415
11316,3.86186715489693
11317,3.73945024181551
11318,3.65786273756978
11319,24.5222585291227
11320,13.9833305273991
11321,7.59977034450347
11322,5.50234241257195
11323,4.19515569473415
11324,3.86186715489693
11325,3.73945024181551
11326,3.65786273756978
11327,2.17905046074932
11328,13.377957808307
11329,7.22169102104157
11330,15.495461157124
11331,3.25320151949733
11332,16.5949476079844
11333,26.3095784769844
11334,3.98293892059995
11335,6.34389271893131
11336,6.76046059726126
11337,8.60193626413772
11338,1.61229776784405
11339,26.7234193895214
11340,16.143691754968
11341,9.61206666134122
11342,7.48045554542989
11343,6.18022618959295
11344,5.86755653509906
11345,5.69399062994721
11346,5.63664837393211
11347,38.1019617225768
11348,19.0488540301305
11349,11.6601564497535
11350,11.2762180185751
11351,8.29650521141729
11352,3.25320151949733
11353,17.0734626012021
11354,7.83616889354181
11355,6.51754364657641
11356,6.7876920421105
11357,5.83449089996109
11358,5.3885521885316
11359,5.0317068924768
11360,5.02651617662162
11361,26.7625920371518
11362,16.3280093389551
11363,9.90101577682484
11364,7.82957552535974
11365,6.56163338935624
11366,6.23742822821277
11367,6.09933455967468
11368,6.01375526676025
11369,11.2850821655177
11370,9.58796826933012
11371,17.0932348461545
11372,19.8501627983218
11373,24.1839530444906
11374,14.0775306801046
11375,8.032049460752
11376,6.01378803143455
11377,4.81692017366605
11378,4.56553711353257
11379,4.40744609883132
11380,4.36270506297057
11381,24.1839530444906
11382,14.0775306801046
11383,8.032049460752
11384,6.01378803143455
11385,4.81692017366605
11386,4.56553711353257
11387,4.40744609883132
11388,4.36270506297057
11389,10.4962846528639
11390,9.176106639013
11391,24.9307754148603
11392,14.5275044221937
11393,8.07609013114248
11394,6.03045160920204
11395,4.68776836222145
11396,4.44634185290089
11397,4.30140865226344
11398,4.2517046861084
11399,22.6260297941708
11400,12.7474339428441
11401,6.72379638454855
11402,4.74990282488053
11403,3.51020060132022
11404,3.22218849512528
11405,3.12011612612803
11406,3.04623188666699
11407,26.7625920371518
11408,16.3280093389551
11409,9.90101577682484
11410,7.82957552535974
11411,6.56163338935624
11412,6.23742822821277
11413,6.09933455967468
11414,6.01375526676025
11415,26.7234193895214
11416,16.143691754968
11417,9.61206666134122
11418,7.48045554542989
11419,6.18022618959295
11420,5.86755653509906
11421,5.69399062994721
11422,5.63664837393211
11423,6.16473046893977
11424,6.17947578897931
11425,4.87862586580505
11426,21.1037460778487
11427,10.4585403670025
11428,10.3224756378942
11429,24.8034360247762
11430,16.9380964607405
11431,9.34381079958232
11432,8.2203738994638
11433,24.1839530444906
11434,14.0775306801046
11435,8.032049460752
11436,6.01378803143455
11437,4.81692017366605
11438,4.56553711353257
11439,4.40744609883132
11440,4.36270506297057
11441,16.1552176325313
11442,10.6335717111879
11443,10.0727004920359
11444,6.37670315764318
11445,26.7234193895214
11446,16.143691754968
11447,9.61206666134122
11448,7.48045554542989
11449,6.18022618959295
11450,5.86755653509906
11451,5.69399062994721
11452,5.63664837393211
11453,5.25326813687359
11454,22.1747283873959
11455,12.4249677571169
11456,6.57748985949333
11457,4.63815341250557
11458,3.42937039123848
11459,3.12903934548496
11460,3.02141548049434
11461,2.97478154136729
11462,23.6677719159234
11463,13.4730713844553
11464,7.35431232085649
11465,5.33720752530982
11466,4.07969190527036
11467,3.77259940659973
11468,3.64246097809706
11469,3.58003058385868
11470,22.1747283873959
11471,12.4249677571169
11472,6.57748985949333
11473,4.63815341250557
11474,3.42937039123848
11475,3.12903934548496
11476,3.02141548049434
11477,2.97478154136729
11478,23.6677719159234
11479,13.4730713844553
11480,7.35431232085649
11481,5.33720752530982
11482,4.07969190527036
11483,3.77259940659973
11484,3.64246097809706
11485,3.58003058385868
11486,23.6677719159234
11487,13.4730713844553
11488,7.35431232085649
11489,5.33720752530982
11490,4.07969190527036
11491,3.77259940659973
11492,3.64246097809706
11493,3.58003058385868
11494,23.6677719159234
11495,13.4730713844553
11496,7.35431232085649
11497,5.33720752530982
11498,4.07969190527036
11499,3.77259940659973
11500,3.64246097809706
11501,3.58003058385868
11502,24.0350730478665
11503,14.0808421758205
11504,8.18292367356611
11505,6.20423437449385
11506,5.03515806242805
11507,4.69198151300736
11508,4.50938557795379
11509,28.8587906466623
11510,1.68090070751736
11511,5.3581684623438
11512,2.89724434933465
11513,3.11672424966883
11514,24.5222585291227
11515,13.9833305273991
11516,7.59977034450347
11517,5.50234241257195
11518,4.19515569473415
11519,3.86186715489693
11520,3.73945024181551
11521,3.65786273756978
11522,24.5222585291227
11523,13.9833305273991
11524,7.59977034450347
11525,5.50234241257195
11526,4.19515569473415
11527,3.86186715489693
11528,3.73945024181551
11529,3.65786273756978
11530,3.07181354684585
11531,3.74319020307901
11532,3.99218470117657
11533,28.9024146572472
11534,12.7166579457239
11535,12.9038568399299
11536,9.72151198819057
11537,26.7625920371518
11538,16.3280093389551
11539,9.90101577682484
11540,7.82957552535974
11541,6.56163338935624
11542,6.23742822821277
11543,6.09933455967468
11544,6.01375526676025
11545,22.6260297941708
11546,12.7474339428441
11547,6.72379638454855
11548,4.74990282488053
11549,3.51020060132022
11550,3.22218849512528
11551,3.12011612612803
11552,3.04623188666699
11553,23.6677719159234
11554,13.4730713844553
11555,7.35431232085649
11556,5.33720752530982
11557,4.07969190527036
11558,3.77259940659973
11559,3.64246097809706
11560,3.58003058385868
11561,24.5222585291227
11562,13.9833305273991
11563,7.59977034450347
11564,5.50234241257195
11565,4.19515569473415
11566,3.86186715489693
11567,3.73945024181551
11568,3.65786273756978
11569,5.48613481094459
11570,16.0326968271358
11571,16.3933881021206
11572,3.77565884672682
11573,16.5949476079844
11574,24.5222585291227
11575,13.9833305273991
11576,7.59977034450347
11577,5.50234241257195
11578,4.19515569473415
11579,3.86186715489693
11580,3.73945024181551
11581,3.65786273756978
11582,62.7324474515702
11583,37.0732147176446
11584,9.3669487895379
11585,26.7234193895214
11586,16.143691754968
11587,9.61206666134122
11588,7.48045554542989
11589,6.18022618959295
11590,5.86755653509906
11591,5.69399062994721
11592,5.63664837393211
11593,22.6260297941708
11594,12.7474339428441
11595,6.72379638454855
11596,4.74990282488053
11597,3.51020060132022
11598,3.22218849512528
11599,3.12011612612803
11600,3.04623188666699
11601,24.5222585291227
11602,13.9833305273991
11603,7.59977034450347
11604,5.50234241257195
11605,4.19515569473415
11606,3.86186715489693
11607,3.73945024181551
11608,3.65786273756978
11609,24.0350730478665
11610,14.0808421758205
11611,8.18292367356611
11612,6.20423437449385
11613,5.03515806242805
11614,4.69198151300736
11615,4.50938557795379
11616,24.0350730478665
11617,14.0808421758205
11618,8.18292367356611
11619,6.20423437449385
11620,5.03515806242805
11621,4.69198151300736
11622,4.50938557795379
11623,4.00402849570357
11624,5.75285930732689
11625,32.6509255513047
11626,38.8197740935696
11627,64.5647217348418
11628,49.3652754950304
11629,47.0246805216591
11630,5.09360811915585
11631,26.7625920371518
11632,16.3280093389551
11633,9.90101577682484
11634,7.82957552535974
11635,6.56163338935624
11636,6.23742822821277
11637,6.09933455967468
11638,6.01375526676025
11639,26.7625920371518
11640,16.3280093389551
11641,9.90101577682484
11642,7.82957552535974
11643,6.56163338935624
11644,6.23742822821277
11645,6.09933455967468
11646,6.01375526676025
11647,10.1165802316211
11648,8.58112997539156
11649,9.01064857918672
11650,60.4451312560177
11651,46.6382482447195
11652,17.4489861249441
11653,17.2861136922437
11654,3.17834236417907
11655,3.08067232735099
11656,3.00091674207175
11657,2.8146020306199
11658,4.44950606089015
11659,2.26744428296095
11660,2.92371005963286
11661,22.1747283873959
11662,12.4249677571169
11663,6.57748985949333
11664,4.63815341250557
11665,3.42937039123848
11666,3.12903934548496
11667,3.02141548049434
11668,2.97478154136729
11669,15.6406946640849
11670,23.6131265636888
11671,23.6677719159234
11672,13.4730713844553
11673,7.35431232085649
11674,5.33720752530982
11675,4.07969190527036
11676,3.77259940659973
11677,3.64246097809706
11678,3.58003058385868
11679,24.5222585291227
11680,13.9833305273991
11681,7.59977034450347
11682,5.50234241257195
11683,4.19515569473415
11684,3.86186715489693
11685,3.73945024181551
11686,3.65786273756978
11687,24.5222585291227
11688,13.9833305273991
11689,7.59977034450347
11690,5.50234241257195
11691,4.19515569473415
11692,3.86186715489693
11693,3.73945024181551
11694,3.65786273756978
11695,22.6260297941708
11696,12.7474339428441
11697,6.72379638454855
11698,4.74990282488053
11699,3.51020060132022
11700,3.22218849512528
11701,3.12011612612803
11702,3.04623188666699
11703,24.5222585291227
11704,13.9833305273991
11705,7.59977034450347
11706,5.50234241257195
11707,4.19515569473415
11708,3.86186715489693
11709,3.73945024181551
11710,3.65786273756978
11711,23.6677719159234
11712,13.4730713844553
11713,7.35431232085649
11714,5.33720752530982
11715,4.07969190527036
11716,3.77259940659973
11717,3.64246097809706
11718,3.58003058385868
11719,23.6677719159234
11720,13.4730713844553
11721,7.35431232085649
11722,5.33720752530982
11723,4.07969190527036
11724,3.77259940659973
11725,3.64246097809706
11726,3.58003058385868
11727,23.6677719159234
11728,13.4730713844553
11729,7.35431232085649
11730,5.33720752530982
11731,4.07969190527036
11732,3.77259940659973
11733,3.64246097809706
11734,3.58003058385868
11735,18.4054854853457
11736,30.7728566479156
11737,10.9056740239001
11738,9.58183986120406
11739,37.0539150837086
11740,13.0581315258605
11741,10.8640829330922
11742,17.7313046536067
11743,11.8078291998366
11744,11.2110011843429
11745,8.20908174760468
11746,6.30471555105606
11747,40.3867846064365
11748,21.4013489485406
11749,20.1890366206408
11750,30.1029692132794
11751,10.3107170031558
11752,29.2317339218836
11753,17.9651598023153
11754,17.5949249594367
11755,55.6641470906659
11756,54.419146358057
11757,47.4576579379142
11758,15.4121544900438
11759,48.1608795669196
11760,74.0247153471281
11761,22.7123720765638
11762,24.7979640709208
11763,20.7192527771437
11764,13.8145157780717
11765,13.0603867387538
11766,5.53299212311598
11767,22.6260297941708
11768,12.7474339428441
11769,6.72379638454855
11770,4.74990282488053
11771,3.51020060132022
11772,3.22218849512528
11773,3.12011612612803
11774,3.04623188666699
11775,22.6260297941708
11776,12.7474339428441
11777,6.72379638454855
11778,4.74990282488053
11779,3.51020060132022
11780,3.22218849512528
11781,3.12011612612803
11782,3.04623188666699
11783,7.91404134560583
11784,30.9288694042607
11785,7.43279889034313
11786,3.10423198664103
11787,22.1747283873959
11788,12.4249677571169
11789,6.57748985949333
11790,4.63815341250557
11791,3.42937039123848
11792,3.12903934548496
11793,3.02141548049434
11794,2.97478154136729
11795,3.70683443416837
11796,23.6677719159234
11797,13.4730713844553
11798,7.35431232085649
11799,5.33720752530982
11800,4.07969190527036
11801,3.77259940659973
11802,3.64246097809706
11803,3.58003058385868
11804,23.6677719159234
11805,13.4730713844553
11806,7.35431232085649
11807,5.33720752530982
11808,4.07969190527036
11809,3.77259940659973
11810,3.64246097809706
11811,3.58003058385868
11812,17.6228188921947
11813,23.2434552369789
11814,11.4847234126132
11815,10.9028369186126
11816,8.63558498620761
11817,3.49053803987438
11818,2.06087545075767
11819,2.92612237610332
11820,13.0361373618255
11821,26.7234193895214
11822,16.143691754968
11823,9.61206666134122
11824,7.48045554542989
11825,6.18022618959295
11826,5.86755653509906
11827,5.69399062994721
11828,5.63664837393211
11829,10.4463312103114
11830,9.48290756127442
11831,7.8733317591128
11832,20.5073165353083
11833,18.4159445286645
11834,18.357779657839
11835,13.168973172472
11836,13.9947892431289
11837,12.1701499370857
11838,43.0824223212928
11839,37.5993188761992
11840,27.7388351951825
11841,13.1296832247921
11842,13.1644129860086
11843,5.87034631239759
11844,34.7157171852381
11845,15.6350648581869
11846,11.7315179161512
11847,11.8507159253628
11848,3.86811262600556
11849,6.02963844017987
11850,5.0825372105963
11851,5.0825372105963
11852,7.91404134560583
11853,8.76809217929863
11854,39.5017392238008
11855,24.2901791805059
11856,13.9324834498643
11857,7.6722627363381
11858,5.61975605490777
11859,4.3507575859068
11860,4.02131456127751
11861,3.90394869362584
11862,3.83163546092023
11863,24.5222585291227
11864,13.9833305273991
11865,7.59977034450347
11866,5.50234241257195
11867,4.19515569473415
11868,3.86186715489693
11869,3.73945024181551
11870,3.65786273756978
11871,24.1839530444906
11872,14.0775306801046
11873,8.032049460752
11874,6.01378803143455
11875,4.81692017366605
11876,4.56553711353257
11877,4.40744609883132
11878,4.36270506297057
11879,24.5222585291227
11880,13.9833305273991
11881,7.59977034450347
11882,5.50234241257195
11883,4.19515569473415
11884,3.86186715489693
11885,3.73945024181551
11886,3.65786273756978
11887,24.2136249982959
11888,13.8929830159353
11889,7.56995301039496
11890,5.51414273251744
11891,4.23604294634684
11892,3.95826472829493
11893,3.84763618574195
11894,3.78438709205258
11895,22.1747283873959
11896,12.4249677571169
11897,6.57748985949333
11898,4.63815341250557
11899,3.42937039123848
11900,3.12903934548496
11901,3.02141548049434
11902,2.97478154136729
11903,14.5618948019004
11904,18.5476358759664
11905,41.4978648081353
11906,45.436084179111
11907,13.6787903463728
11908,6.46361673740345
11909,11.470636605497
11910,21.5402179428446
11911,11.9545178239482
11912,6.18274308853252
11913,4.28278940695766
11914,3.08655054349142
11915,2.77778804475034
11916,2.67345061970601
11917,2.62007477606389
11918,7.01402989715116
11919,30.7525513261469
11920,22.8334532666785
11921,13.6715966595747
11922,8.48710517719878
11923,5.47602708196094
11924,4.85703551669725
11925,4.61298048759386
11926,4.51246577241618
11927,7.01402989715116
11928,21.6308542352614
11929,5.44491012210854
11930,5.43615302299465
11931,4.28035735151157
11932,5.54587744719851
11933,6.77275207076772
11934,13.8118041176425
11935,2.05215441328626
11936,1.8225996063254
11937,1.6891131670086
11938,1.71073371640962
11939,3.54356391870771
11940,19.5078017850022
11941,25.1846200494529
11942,13.7440131142207
11943,7.67328286001258
11944,5.21537856324162
11945,3.45540158741723
11946,3.08628224203401
11947,2.91362537013689
11948,2.88681298503918
11949,34.1326644706947
11950,21.5811054214194
11951,11.9967729811674
11952,6.22847349048808
11953,4.30188163378876
11954,3.07602197508895
11955,2.77246088880403
11956,2.68412859353427
11957,2.62487021730008
11958,21.5811054214194
11959,11.9967729811674
11960,6.22847349048808
11961,4.30188163378876
11962,3.07602197508895
11963,2.77246088880403
11964,2.68412859353427
11965,2.62487021730008
11966,21.5811054214194
11967,11.9967729811674
11968,6.22847349048808
11969,4.30188163378876
11970,3.07602197508895
11971,2.77246088880403
11972,2.68412859353427
11973,2.62487021730008
11974,4.29725112240249
11975,4.10213870778631
11976,4.75385532524634
11977,23.8482426896362
11978,13.7313350436597
11979,7.55773398534525
11980,5.47934683077432
11981,4.18778816245127
11982,3.95128486365538
11983,3.79182403621529
11984,3.68452754495009
11985,31.7336450267365
11986,23.3298575007001
11987,14.5069906875263
11988,9.03432811922359
11989,5.7773326540314
11990,5.05110099030885
11991,4.78356536951185
11992,4.68364054358966
11993,17.5722634067692
11994,6.79481545697175
11995,19.7822596215826
11996,9.70237770306235
11997,9.37723658279614
11998,4.04781887086961
11999,38.6270478354108
12000,26.7625920371518
12001,16.3280093389551
12002,9.90101577682484
12003,7.82957552535974
12004,6.56163338935624
12005,6.23742822821277
12006,6.09933455967468
12007,6.01375526676025
12008,26.8286767420753
12009,24.2707834194836
12010,36.4645739400999
12011,46.5386347660601
12012,18.4491982503233
12013,19.508165197607
12014,9.33557439070152
12015,9.10747657888724
12016,26.7234193895214
12017,16.143691754968
12018,9.61206666134122
12019,7.48045554542989
12020,6.18022618959295
12021,5.86755653509906
12022,5.69399062994721
12023,5.63664837393211
12024,13.5433819440194
12025,15.6981479650271
12026,10.0886827794254
12027,9.02342844795813
12028,7.23456741117377
12029,6.83161208644159
12030,10.8896507557295
12031,8.49569875921872
12032,11.2548617911927
12033,4.35799173131508
12034,31.2481290561758
12035,11.0800413284835
12036,9.50481729423295
12037,9.09915608225674
12038,10.9233861085964
12039,8.2876273273529
12040,11.7689791692799
12041,39.411052007812
12042,18.231940912775
12043,11.1502050245046
12044,10.8757319207141
12045,43.9487121583664
12046,21.1872095665274
12047,18.5016886924614
12048,8.43062908187035
12049,6.34389271893131
12050,6.34389271893131
12051,6.34389271893131
12052,32.5062842541268
12053,6.46051372463567
12054,6.69593661397239
12055,32.5062842541268
12056,18.8229868626052
12057,26.7625920371518
12058,16.3280093389551
12059,9.90101577682484
12060,7.82957552535974
12061,6.56163338935624
12062,6.23742822821277
12063,6.09933455967468
12064,6.01375526676025
12065,26.7234193895214
12066,16.143691754968
12067,9.61206666134122
12068,7.48045554542989
12069,6.18022618959295
12070,5.86755653509906
12071,5.69399062994721
12072,5.63664837393211
12073,25.2201043167176
12074,15.4124761300228
12075,9.58431023381071
12076,7.61884995742333
12077,6.29160034911094
12078,6.05894376834789
12079,5.8604709587276
12080,5.75719041473762
12081,24.9307754148603
12082,14.5275044221937
12083,8.07609013114248
12084,6.03045160920204
12085,4.68776836222145
12086,4.44634185290089
12087,4.30140865226344
12088,4.2517046861084
12089,24.9307754148603
12090,14.5275044221937
12091,8.07609013114248
12092,6.03045160920204
12093,4.68776836222145
12094,4.44634185290089
12095,4.30140865226344
12096,4.2517046861084
12097,26.7234193895214
12098,16.143691754968
12099,9.61206666134122
12100,7.48045554542989
12101,6.18022618959295
12102,5.86755653509906
12103,5.69399062994721
12104,5.63664837393211
12105,36.4591311478997
12106,15.6116628807072
12107,15.5694941874691
12108,5.8147344421592
12109,114.758792361974
12110,18.9879488031048
12111,64.6362880759835
12112,24.5222585291227
12113,13.9833305273991
12114,7.59977034450347
12115,5.50234241257195
12116,4.19515569473415
12117,3.86186715489693
12118,3.73945024181551
12119,3.65786273756978
12120,24.5222585291227
12121,13.9833305273991
12122,7.59977034450347
12123,5.50234241257195
12124,4.19515569473415
12125,3.86186715489693
12126,3.73945024181551
12127,3.65786273756978
12128,24.5222585291227
12129,13.9833305273991
12130,7.59977034450347
12131,5.50234241257195
12132,4.19515569473415
12133,3.86186715489693
12134,3.73945024181551
12135,3.65786273756978
12136,22.6260297941708
12137,12.7474339428441
12138,6.72379638454855
12139,4.74990282488053
12140,3.51020060132022
12141,3.22218849512528
12142,3.12011612612803
12143,3.04623188666699
12144,22.6260297941708
12145,12.7474339428441
12146,6.72379638454855
12147,4.74990282488053
12148,3.51020060132022
12149,3.22218849512528
12150,3.12011612612803
12151,3.04623188666699
12152,23.0613980998099
12153,47.5249866372129
12154,9.13119825081227
12155,8.65249279323377
12156,22.1747283873959
12157,12.4249677571169
12158,6.57748985949333
12159,4.63815341250557
12160,3.42937039123848
12161,3.12903934548496
12162,3.02141548049434
12163,2.97478154136729
12164,24.5222585291227
12165,13.9833305273991
12166,7.59977034450347
12167,5.50234241257195
12168,4.19515569473415
12169,3.86186715489693
12170,3.73945024181551
12171,3.65786273756978
12172,26.7625920371518
12173,16.3280093389551
12174,9.90101577682484
12175,7.82957552535974
12176,6.56163338935624
12177,6.23742822821277
12178,6.09933455967468
12179,6.01375526676025
12180,34.609346172845
12181,17.0485082419957
12182,11.2770782776034
12183,27.0600510783133
12184,24.0427519633609
12185,64.5647217348418
12186,10.3051030409655
12187,14.6228805670277
12188,38.3751413469272
12189,7.8895820707104
12190,41.4850782552421
12191,36.9074680861851
12192,23.446553600016
12193,24.5222585291227
12194,13.9833305273991
12195,7.59977034450347
12196,5.50234241257195
12197,4.19515569473415
12198,3.86186715489693
12199,3.73945024181551
12200,3.65786273756978
12201,26.7234193895214
12202,16.143691754968
12203,9.61206666134122
12204,7.48045554542989
12205,6.18022618959295
12206,5.86755653509906
12207,5.69399062994721
12208,5.63664837393211
12209,21.6649755589488
12210,11.362195659299
12211,10.9950629579965
12212,7.73255204574077
12213,24.2901791805059
12214,13.9324834498643
12215,7.6722627363381
12216,5.61975605490777
12217,4.3507575859068
12218,4.02131456127751
12219,3.90394869362584
12220,3.83163546092023
12221,24.5222585291227
12222,13.9833305273991
12223,7.59977034450347
12224,5.50234241257195
12225,4.19515569473415
12226,3.86186715489693
12227,3.73945024181551
12228,3.65786273756978
12229,24.5222585291227
12230,13.9833305273991
12231,7.59977034450347
12232,5.50234241257195
12233,4.19515569473415
12234,3.86186715489693
12235,3.73945024181551
12236,3.65786273756978
12237,24.5222585291227
12238,13.9833305273991
12239,7.59977034450347
12240,5.50234241257195
12241,4.19515569473415
12242,3.86186715489693
12243,3.73945024181551
12244,3.65786273756978
12245,165.584557534934
12246,78.2140114165106
12247,62.4419868435103
12248,55.6422516160451
12249,48.66699646652
12250,26.7234193895214
12251,16.143691754968
12252,9.61206666134122
12253,7.48045554542989
12254,6.18022618959295
12255,5.86755653509906
12256,5.69399062994721
12257,5.63664837393211
12258,4.59284041208918
12259,12.4458734676815
12260,22.6260297941708
12261,12.7474339428441
12262,6.72379638454855
12263,4.74990282488053
12264,3.51020060132022
12265,3.22218849512528
12266,3.12011612612803
12267,3.04623188666699
12268,24.5222585291227
12269,13.9833305273991
12270,7.59977034450347
12271,5.50234241257195
12272,4.19515569473415
12273,3.86186715489693
12274,3.73945024181551
12275,3.65786273756978
12276,24.5222585291227
12277,13.9833305273991
12278,7.59977034450347
12279,5.50234241257195
12280,4.19515569473415
12281,3.86186715489693
12282,3.73945024181551
12283,3.65786273756978
12284,24.2136249982959
12285,13.8929830159353
12286,7.56995301039496
12287,5.51414273251744
12288,4.23604294634684
12289,3.95826472829493
12290,3.84763618574195
12291,3.78438709205258
12292,24.5222585291227
12293,13.9833305273991
12294,7.59977034450347
12295,5.50234241257195
12296,4.19515569473415
12297,3.86186715489693
12298,3.73945024181551
12299,3.65786273756978
12300,11.0333475350824
12301,10.4160726970579
12302,8.16292079454303
12303,14.9907820447562
12304,10.8773009293567
12305,16.8840253604905
12306,17.2677513270805
12307,73.7194647306424
12308,10.6226464773934
12309,7.14330411711689
12310,89.2542263539774
12311,14.7703633960868
12312,12.6005252038653
12313,13.8588256319315
12314,6.52753824528537
12315,11.0805111463995
12316,7.01295375875007
12317,6.46847554066125
12318,5.79728681677597
12319,42.6965523946202
12320,10.3937328356892
12321,39.0370070885712
12322,21.6706951221969
12323,19.5452596366407
12324,14.5049802915505
12325,12.5974539216842
12326,13.3481106872215
12327,9.68102628784431
12328,39.0370070885712
12329,21.6706951221969
12330,19.5452596366407
12331,14.5049802915505
12332,12.5974539216842
12333,13.3481106872215
12334,9.68102628784431
12335,3.27151183008976
12336,16.1055230568504
12337,16.3207086877538
12338,182.639735021688
12339,133.244972070376
12340,113.838700348787
12341,62.3126381558293
12342,2.63409903701764
12343,18.3721050949649
12344,18.3721050949649
12345,22.6260297941708
12346,12.7474339428441
12347,6.72379638454855
12348,4.74990282488053
12349,3.51020060132022
12350,3.22218849512528
12351,3.12011612612803
12352,3.04623188666699
12353,5.05856153867589
12354,23.6677719159234
12355,13.4730713844553
12356,7.35431232085649
12357,5.33720752530982
12358,4.07969190527036
12359,3.77259940659973
12360,3.64246097809706
12361,3.58003058385868
12362,24.9307754148603
12363,14.5275044221937
12364,8.07609013114248
12365,6.03045160920204
12366,4.68776836222145
12367,4.44634185290089
12368,4.30140865226344
12369,4.2517046861084
12370,24.5222585291227
12371,13.9833305273991
12372,7.59977034450347
12373,5.50234241257195
12374,4.19515569473415
12375,3.86186715489693
12376,3.73945024181551
12377,3.65786273756978
12378,28.2107712732518
12379,28.240380447212
12380,17.2069797699797
12381,11.9493960825895
12382,7.53160356952918
12383,5.83590708052325
12384,5.73541933398962
12385,25.7214291439855
12386,14.8633398132272
12387,8.77288187217687
12388,6.8487881596359
12389,5.36092331656063
12390,5.33369033356806
12391,25.7214291439855
12392,14.8633398132272
12393,8.77288187217687
12394,6.8487881596359
12395,5.36092331656063
12396,5.33369033356806
12397,22.8325648167566
12398,21.1897000966346
12399,21.1897000966346
12400,24.5222585291227
12401,13.9833305273991
12402,7.59977034450347
12403,5.50234241257195
12404,4.19515569473415
12405,3.86186715489693
12406,3.73945024181551
12407,3.65786273756978
12408,7.94830867252755
12409,6.7206563367489
12410,5.92789669313862
12411,26.7625920371518
12412,16.3280093389551
12413,9.90101577682484
12414,7.82957552535974
12415,6.56163338935624
12416,6.23742822821277
12417,6.09933455967468
12418,6.01375526676025
12419,5.65818672635154
12420,26.7234193895214
12421,16.143691754968
12422,9.61206666134122
12423,7.48045554542989
12424,6.18022618959295
12425,5.86755653509906
12426,5.69399062994721
12427,5.63664837393211
12428,26.7234193895214
12429,16.143691754968
12430,9.61206666134122
12431,7.48045554542989
12432,6.18022618959295
12433,5.86755653509906
12434,5.69399062994721
12435,5.63664837393211
12436,35.512608278401
12437,13.6374795949216
12438,419.037702080258
12439,35.512608278401
12440,13.6374795949216
12441,24.9312727839081
12442,14.7965696982208
12443,8.61314107229092
12444,6.5010448233443
12445,5.40487726974653
12446,5.1706635806028
12447,5.05211816680521
12448,4.9991496100726
12449,52.6190870436468
12450,34.0979750518192
12451,5.11984744910355
12452,52.6190870436468
12453,14.0748330597018
12454,5.11984744910355
12455,4.31866144010504
12456,4.68403137396732
12457,29.0640847214722
12458,30.148050290052
12459,7.00389268010685
12460,2.72748362212379
12461,14.1397915904209
12462,8.85495961292549
12463,5.73762874449792
12464,6.16380532749543
12465,3.11549509789335
12466,14.2364702497547
12467,45.6106755453832
12468,21.283191632244
12469,12.5276158571492
12470,16.8996498816487
12471,8.92290312810278
12472,6.68081791097906
12473,6.29434465344672
12474,6.99505203832975
12475,3.27151183008976
12476,24.5222585291227
12477,13.9833305273991
12478,7.59977034450347
12479,5.50234241257195
12480,4.19515569473415
12481,3.86186715489693
12482,3.73945024181551
12483,3.65786273756978
12484,24.5222585291227
12485,13.9833305273991
12486,7.59977034450347
12487,5.50234241257195
12488,4.19515569473415
12489,3.86186715489693
12490,3.73945024181551
12491,3.65786273756978
12492,24.5222585291227
12493,13.9833305273991
12494,7.59977034450347
12495,5.50234241257195
12496,4.19515569473415
12497,3.86186715489693
12498,3.73945024181551
12499,3.65786273756978
12500,24.5222585291227
12501,13.9833305273991
12502,7.59977034450347
12503,5.50234241257195
12504,4.19515569473415
12505,3.86186715489693
12506,3.73945024181551
12507,3.65786273756978
12508,7.09117533587369
12509,2.63792505032188
12510,2.89481491317166
12511,26.7625920371518
12512,16.3280093389551
12513,9.90101577682484
12514,7.82957552535974
12515,6.56163338935624
12516,6.23742822821277
12517,6.09933455967468
12518,6.01375526676025
12519,26.7625920371518
12520,16.3280093389551
12521,9.90101577682484
12522,7.82957552535974
12523,6.56163338935624
12524,6.23742822821277
12525,6.09933455967468
12526,6.01375526676025
12527,24.9307754148603
12528,14.5275044221937
12529,8.07609013114248
12530,6.03045160920204
12531,4.68776836222145
12532,4.44634185290089
12533,4.30140865226344
12534,4.2517046861084
12535,25.2668540993531
12536,10.4780565514992
12537,6.21691275436744
12538,38.0015476908161
12539,11.6755395969579
12540,6.72762730949067
12541,7.41012249518483
12542,7.41012249518483
12543,24.5222585291227
12544,13.9833305273991
12545,7.59977034450347
12546,5.50234241257195
12547,4.19515569473415
12548,3.86186715489693
12549,3.73945024181551
12550,3.65786273756978
12551,24.0996905410895
12552,37.8896133834843
12553,49.7926278351861
12554,5.74368937993807
12555,57.567982922537
12556,18.312320570747
12557,17.7087454211945
12558,6.39775443302728
12559,4.16123124793896
12560,8.95823520612276
12561,26.7234193895214
12562,16.143691754968
12563,9.61206666134122
12564,7.48045554542989
12565,6.18022618959295
12566,5.86755653509906
12567,5.69399062994721
12568,5.63664837393211
12569,9.71815059047216
12570,27.715179125539
12571,26.8779584495505
12572,24.2901791805059
12573,13.9324834498643
12574,7.6722627363381
12575,5.61975605490777
12576,4.3507575859068
12577,4.02131456127751
12578,3.90394869362584
12579,3.83163546092023
12580,26.2573526512305
12581,13.8743150836865
12582,12.8105324208643
12583,10.9068292682708
12584,21.1178540965202
12585,14.5709907345647
12586,12.5878734470017
12587,10.4180417359281
12588,22.5256885004704
12589,13.326267715565
12590,12.1178901914464
12591,8.94202196366692
12592,22.5256885004704
12593,13.326267715565
12594,12.1178901914464
12595,8.94202196366692
12596,22.1747283873959
12597,12.4249677571169
12598,6.57748985949333
12599,4.63815341250557
12600,3.42937039123848
12601,3.12903934548496
12602,3.02141548049434
12603,2.97478154136729
12604,36.8545291541857
12605,28.8233195535414
12606,15.2383343626952
12607,9.11569361176349
12608,5.74608713512972
12609,4.69301800839678
12610,4.27782521384265
12611,4.13723283820097
12612,21.7345984701232
12613,13.7422873313139
12614,26.7234193895214
12615,16.143691754968
12616,9.61206666134122
12617,7.48045554542989
12618,6.18022618959295
12619,5.86755653509906
12620,5.69399062994721
12621,5.63664837393211
12622,26.7234193895214
12623,16.143691754968
12624,9.61206666134122
12625,7.48045554542989
12626,6.18022618959295
12627,5.86755653509906
12628,5.69399062994721
12629,5.63664837393211
12630,26.7234193895214
12631,16.143691754968
12632,9.61206666134122
12633,7.48045554542989
12634,6.18022618959295
12635,5.86755653509906
12636,5.69399062994721
12637,5.63664837393211
12638,5.37332098129019
12639,14.3734906378149
12640,16.2321856412368
12641,10.6025445639494
12642,13.9556930466806
12643,19.5678940902631
12644,11.4222421880873
12645,26.7625920371518
12646,16.3280093389551
12647,9.90101577682484
12648,7.82957552535974
12649,6.56163338935624
12650,6.23742822821277
12651,6.09933455967468
12652,6.01375526676025
12653,8.54192729040077
12654,42.1809105193984
12655,35.028580961078
12656,26.7625920371518
12657,16.3280093389551
12658,9.90101577682484
12659,7.82957552535974
12660,6.56163338935624
12661,6.23742822821277
12662,6.09933455967468
12663,6.01375526676025
12664,53.1659004442463
12665,32.1214506377065
12666,22.4601186153879
12667,19.6398448532355
12668,11.8775543475237
12669,14.6185781267098
12670,22.6260297941708
12671,12.7474339428441
12672,6.72379638454855
12673,4.74990282488053
12674,3.51020060132022
12675,3.22218849512528
12676,3.12011612612803
12677,3.04623188666699
12678,24.5222585291227
12679,13.9833305273991
12680,7.59977034450347
12681,5.50234241257195
12682,4.19515569473415
12683,3.86186715489693
12684,3.73945024181551
12685,3.65786273756978
12686,24.5222585291227
12687,13.9833305273991
12688,7.59977034450347
12689,5.50234241257195
12690,4.19515569473415
12691,3.86186715489693
12692,3.73945024181551
12693,3.65786273756978
12694,30.0201153748701
12695,15.8854785790726
12696,25.9085661380225
12697,4.07967191045056
12698,15.9110115884683
12699,9.53507151775283
12700,8.40965420860622
12701,6.74757155729346
12702,62.4326116672138
12703,8.51055073380776
12704,17.0582242036439
12705,4.30524042112779
12706,5.52313137757519
12707,5.0428385393197
12708,4.72486728827581
12709,5.3736893706532
12710,50.2537034115932
12711,51.1369414529836
12712,37.3655701473712
12713,19.5177547237501
12714,7.54537524713657
12715,6.64352372420733
12716,5.35306674963385
12717,16.2337970694585
12718,6.76795456282589
12719,5.84038857414184
12720,5.09926860695486
12721,6.41921735114593
12722,15.6025872548073
12723,56.6089918367982
12724,24.2172860457481
12725,26.0645662120782
12726,14.9087602258815
12727,7.57832359626702
12728,33.3800048301485
12729,15.2675527755801
12730,11.9126136095099
12731,6.10811863628426
12732,3.94247192595978
12733,16.1711705685707
12734,13.6090557486875
12735,8.05200673010998
12736,6.8034880330392
12737,5.01074752317698
12738,26.7625920371518
12739,16.3280093389551
12740,9.90101577682484
12741,7.82957552535974
12742,6.56163338935624
12743,6.23742822821277
12744,6.09933455967468
12745,6.01375526676025
12746,27.1061142815545
12747,5.28835300693066
12748,3.25320151949733
12749,95.4596667786557
12750,21.2378761981953
12751,26.7625920371518
12752,16.3280093389551
12753,9.90101577682484
12754,7.82957552535974
12755,6.56163338935624
12756,6.23742822821277
12757,6.09933455967468
12758,6.01375526676025
12759,6.42761523500323
12760,6.59072914327459
12761,56.2969692248627
12762,27.7417457492045
12763,19.0799090623437
12764,17.0630258454992
12765,23.6677719159234
12766,13.4730713844553
12767,7.35431232085649
12768,5.33720752530982
12769,4.07969190527036
12770,3.77259940659973
12771,3.64246097809706
12772,3.58003058385868
12773,23.6677719159234
12774,13.4730713844553
12775,7.35431232085649
12776,5.33720752530982
12777,4.07969190527036
12778,3.77259940659973
12779,3.64246097809706
12780,3.58003058385868
12781,26.7234193895214
12782,16.143691754968
12783,9.61206666134122
12784,7.48045554542989
12785,6.18022618959295
12786,5.86755653509906
12787,5.69399062994721
12788,5.63664837393211
12789,26.7625920371518
12790,16.3280093389551
12791,9.90101577682484
12792,7.82957552535974
12793,6.56163338935624
12794,6.23742822821277
12795,6.09933455967468
12796,6.01375526676025
12797,7.22719222527763
12798,4.33743087907701
12799,24.5995146278824
12800,46.023306111026
12801,74.7580076209273
12802,51.0884981558485
12803,23.9877633547222
12804,21.3997683842419
12805,11.8085618428963
12806,6.03272181528933
12807,4.12991684802924
12808,2.9379857272029
12809,2.61018401235611
12810,2.48847603026307
12811,2.44162692340168
12812,3.25320151949733
12813,26.7625920371518
12814,16.3280093389551
12815,9.90101577682484
12816,7.82957552535974
12817,6.56163338935624
12818,6.23742822821277
12819,6.09933455967468
12820,6.01375526676025
12821,4.60923655136118
12822,26.7625920371518
12823,16.3280093389551
12824,9.90101577682484
12825,7.82957552535974
12826,6.56163338935624
12827,6.23742822821277
12828,6.09933455967468
12829,6.01375526676025
12830,52.1244698300709
12831,7.53625140382936
12832,1.28253374749176
12833,6.98130743792763
12834,53.4730897356979
12835,4.68915146989272
12836,36.6359300145142
12837,34.5678565003259
12838,17.5760621433555
12839,15.9585047147952
12840,11.1102960296308
12841,3.5519650411758
12842,20.7630226640298
12843,4.95700019998215
12844,4.53250789312811
12845,97.7010679761685
12846,39.7892388156148
12847,28.0089588378625
12848,31.392439448066
12849,10.2762871538971
12850,2.8720434294562
12851,4.70829847249929
12852,12.1976108713594
12853,38.1448000044061
12854,22.1762020525774
12855,22.6725643568499
12856,22.0875823967732
12857,14.3445261367138
12858,7.77874830989913
12859,6.98130743792763
12860,26.7625920371518
12861,16.3280093389551
12862,9.90101577682484
12863,7.82957552535974
12864,6.56163338935624
12865,6.23742822821277
12866,6.09933455967468
12867,6.01375526676025
12868,18.1438658388511
12869,58.3238962717325
12870,15.4989321003676
12871,7.75061728201918
12872,8.32289658281973
12873,6.14236770279457
12874,5.79724316855763
12875,20.8581766170329
12876,19.1005845718218
12877,19.7054437086264
12878,4.94104309201528
12879,24.9312727839081
12880,14.7965696982208
12881,8.61314107229092
12882,6.5010448233443
12883,5.40487726974653
12884,5.1706635806028
12885,5.05211816680521
12886,4.9991496100726
12887,24.9312727839081
12888,14.7965696982208
12889,8.61314107229092
12890,6.5010448233443
12891,5.40487726974653
12892,5.1706635806028
12893,5.05211816680521
12894,4.9991496100726
12895,15.6879203207687
12896,25.7000947494998
12897,15.3065114823893
12898,8.99500563033206
12899,7.02496363345402
12900,5.83566371401452
12901,5.51602145104554
12902,5.43701101735357
12903,5.35693514863066
12904,25.7000947494998
12905,15.3065114823893
12906,8.99500563033206
12907,7.02496363345402
12908,5.83566371401452
12909,5.51602145104554
12910,5.43701101735357
12911,5.35693514863066
12912,22.754276412949
12913,18.8343157092983
12914,12.4533384708691
12915,10.7114830017516
12916,3.74451454387382
12917,15.5640756528278
12918,2.3742998068527
12919,9.11645758509527
12920,7.78226156445028
12921,7.86892500455626
12922,7.16875557468598
12923,5.94917274473853
12924,8.48590729437339
12925,6.38040287614519
12926,4.88672623584099
12927,4.27696796718611
12928,4.21970447907933
12929,43.2519747055189
12930,26.0345581216881
12931,23.3314948838715
12932,15.8291103498282
12933,11.0909329569106
12934,7.44758686401075
12935,5.30943226294694
12936,3.34020738831627
12937,24.40486159704
12938,15.0153469066408
12939,23.8840187439129
12940,4.20224068389843
12941,7.15036615915727
12942,9.48740283238171
12943,7.68848286467696
12944,15.7353230156036
12945,13.1866902662554
12946,5.30152770514909
12947,15.6246242520125
12948,8.96519740828676
12949,7.58984076818747
12950,2.90643551862747
12951,16.5428120483452
12952,5.20637288865078
12953,9.86695795125516
12954,7.64602533276472
12955,3.71457184679759
12956,21.8721342428248
12957,6.41685737327435
12958,8.80090378745067
12959,26.7234193895214
12960,16.143691754968
12961,9.61206666134122
12962,7.48045554542989
12963,6.18022618959295
12964,5.86755653509906
12965,5.69399062994721
12966,5.63664837393211
12967,97.7010679761685
12968,39.7892388156148
12969,28.0089588378625
12970,31.392439448066
12971,10.2762871538971
12972,2.8720434294562
12973,4.70829847249929
12974,21.1897000966346
12975,27.0580357297841
12976,14.6381656654308
12977,14.1381845723925
12978,10.8879620719189
12979,10.2694122369542
12980,8.15368557910415
12981,3.61955936991716
12982,5.2334165985286
12983,5.55364015306342
12984,8.63357718588418
12985,10.4625632099034
12986,7.31656168682809
12987,6.39932845480394
12988,16.7877280377262
12989,11.9295003554158
12990,7.42916780284103
12991,33.3298927255691
12992,33.2729851536234
12993,21.5811054214194
12994,11.9967729811674
12995,6.22847349048808
12996,4.30188163378876
12997,3.07602197508895
12998,2.77246088880403
12999,2.68412859353427
13000,2.62487021730008
13001,21.5811054214194
13002,11.9967729811674
13003,6.22847349048808
13004,4.30188163378876
13005,3.07602197508895
13006,2.77246088880403
13007,2.68412859353427
13008,2.62487021730008
13009,21.5811054214194
13010,11.9967729811674
13011,6.22847349048808
13012,4.30188163378876
13013,3.07602197508895
13014,2.77246088880403
13015,2.68412859353427
13016,2.62487021730008
13017,28.6129058394889
13018,14.151766673741
13019,8.7718260200743
13020,5.85647552835033
13021,25.3349151563084
13022,11.419612325449
13023,15.2975085802272
13024,10.095567272784
13025,13.0005750432889
13026,14.2445786443459
13027,2.9729399243624
13028,6.86245827583845
13029,6.51839133272037
13030,14.9621137150451
13031,26.7625920371518
13032,16.3280093389551
13033,9.90101577682484
13034,7.82957552535974
13035,6.56163338935624
13036,6.23742822821277
13037,6.09933455967468
13038,6.01375526676025
13039,34.3732906441889
13040,18.0804902171017
13041,23.0964962767322
13042,10.4826095397843
13043,6.25017110595517
13044,4.98469653453533
13045,24.5222585291227
13046,13.9833305273991
13047,7.59977034450347
13048,5.50234241257195
13049,4.19515569473415
13050,3.86186715489693
13051,3.73945024181551
13052,3.65786273756978
13053,26.7234193895214
13054,16.143691754968
13055,9.61206666134122
13056,7.48045554542989
13057,6.18022618959295
13058,5.86755653509906
13059,5.69399062994721
13060,5.63664837393211
13061,15.5640756528278
13062,19.8746972119624
13063,7.39660272631376
13064,6.74205742539919
13065,26.7234193895214
13066,16.143691754968
13067,9.61206666134122
13068,7.48045554542989
13069,6.18022618959295
13070,5.86755653509906
13071,5.69399062994721
13072,5.63664837393211
13073,26.7625920371518
13074,16.3280093389551
13075,9.90101577682484
13076,7.82957552535974
13077,6.56163338935624
13078,6.23742822821277
13079,6.09933455967468
13080,6.01375526676025
13081,7.26644803804029
13082,4.33934449384145
13083,10.8930626226285
13084,7.32130854392051
13085,7.55454789035334
13086,3.56400705392354
13087,26.7625920371518
13088,16.3280093389551
13089,9.90101577682484
13090,7.82957552535974
13091,6.56163338935624
13092,6.23742822821277
13093,6.09933455967468
13094,6.01375526676025
13095,26.7625920371518
13096,16.3280093389551
13097,9.90101577682484
13098,7.82957552535974
13099,6.56163338935624
13100,6.23742822821277
13101,6.09933455967468
13102,6.01375526676025
13103,31.1236040675325
13104,3.94184865228461
13105,19.3424114470602
13106,28.7459873595065
13107,37.464115045271
13108,34.9911557577044
13109,4.94914374890164
13110,4.94914374890164
13111,6.93209191402217
13112,14.1226586852627
13113,18.3356082198629
13114,7.4794990417312
13115,11.6587083109353
13116,10.7748111579659
13117,19.8468639759596
13118,11.9240951499437
13119,8.78904926033396
13120,24.210939712356
13121,18.661634690812
13122,10.369508276055
13123,8.78904926033396
13124,8.78904926033396
13125,41.1200181121749
13126,24.2784263579254
13127,41.9174949230921
13128,9.58910632568691
13129,31.0593623861096
13130,7.31656168682809
13131,14.469788697757
13132,10.2790500033908
13133,13.16051763596
13134,24.0350730478665
13135,14.0808421758205
13136,8.18292367356611
13137,6.20423437449385
13138,5.03515806242805
13139,4.69198151300736
13140,4.50938557795379
13141,24.0350730478665
13142,14.0808421758205
13143,8.18292367356611
13144,6.20423437449385
13145,5.03515806242805
13146,4.69198151300736
13147,4.50938557795379
13148,24.0350730478665
13149,14.0808421758205
13150,8.18292367356611
13151,6.20423437449385
13152,5.03515806242805
13153,4.69198151300736
13154,4.50938557795379
13155,24.1839530444906
13156,14.0775306801046
13157,8.032049460752
13158,6.01378803143455
13159,4.81692017366605
13160,4.56553711353257
13161,4.40744609883132
13162,4.36270506297057
13163,3.6226389916734
13164,6.5778019188224
13165,10.6550251907349
13166,22.8593855262874
13167,17.1442029914819
13168,9.45141586073067
13169,3.72587148233855
13170,25.389292836993
13171,10.547454127486
13172,9.42964457853978
13173,6.28183330690646
13174,6.1934603180098
13175,3.31549745922565
13176,21.0510677772183
13177,7.40015300097845
13178,11.3508404759334
13179,2.87382486777079
13180,84.840480837722
13181,4.79763689488683
13182,7.94185886499585
13183,4.95321742715037
13184,4.38496914049377
13185,70.5782890338216
13186,21.607189850756
13187,6.24878182931722
13188,11.3508404759334
13189,6.24878182931722
13190,40.9571157799202
13191,7.40015300097845
13192,40.9571157799202
13193,6.6705927001118
13194,3.21361216196031
13195,7.32855030334694
13196,15.6981962030475
13197,4.500950757643
13198,3.21361216196031
13199,3.21361216196031
13200,5.6251596918754
13201,32.6411510120665
13202,3.55299474369864
13203,3.55299474369864
13204,6.20642934101337
13205,4.79535483436559
13206,3.60546426677653
13207,44.9823897219794
13208,9.79415791759912
13209,5.24465288267341
13210,3.72587148233855
13211,34.3252561050572
13212,3.25320151949733
13213,29.2940476739075
13214,25.9793817261351
13215,17.5324100713267
13216,15.7994331607772
13217,17.4540537806941
13218,6.88241192561048
13219,8.75777744664821
13220,8.67511376155398
13221,7.74918170281267
13222,6.51296459868351
13223,6.32644098549358
13224,21.0602796068825
13225,14.5717174480126
13226,24.5222585291227
13227,13.9833305273991
13228,7.59977034450347
13229,5.50234241257195
13230,4.19515569473415
13231,3.86186715489693
13232,3.73945024181551
13233,3.65786273756978
13234,3.61848229662747
13235,21.5402179428446
13236,11.9545178239482
13237,6.18274308853252
13238,4.28278940695766
13239,3.08655054349142
13240,2.77778804475034
13241,2.67345061970601
13242,2.62007477606389
13243,22.6260297941708
13244,12.7474339428441
13245,6.72379638454855
13246,4.74990282488053
13247,3.51020060132022
13248,3.22218849512528
13249,3.12011612612803
13250,3.04623188666699
13251,21.3997683842419
13252,11.8085618428963
13253,6.03272181528933
13254,4.12991684802924
13255,2.9379857272029
13256,2.61018401235611
13257,2.48847603026307
13258,2.44162692340168
13259,30.9288694042607
13260,7.43279889034313
13261,3.10423198664103
13262,26.7625920371518
13263,16.3280093389551
13264,9.90101577682484
13265,7.82957552535974
13266,6.56163338935624
13267,6.23742822821277
13268,6.09933455967468
13269,6.01375526676025
13270,26.7625920371518
13271,16.3280093389551
13272,9.90101577682484
13273,7.82957552535974
13274,6.56163338935624
13275,6.23742822821277
13276,6.09933455967468
13277,6.01375526676025
13278,1.80969521977139
13279,26.7234193895214
13280,16.143691754968
13281,9.61206666134122
13282,7.48045554542989
13283,6.18022618959295
13284,5.86755653509906
13285,5.69399062994721
13286,5.63664837393211
13287,26.7234193895214
13288,16.143691754968
13289,9.61206666134122
13290,7.48045554542989
13291,6.18022618959295
13292,5.86755653509906
13293,5.69399062994721
13294,5.63664837393211
13295,33.7382703809942
13296,33.6898484910497
13297,8.89067102779568
13298,9.13627770928519
13299,4.56023455235034
13300,3.80804367079968
13301,26.7234193895214
13302,16.143691754968
13303,9.61206666134122
13304,7.48045554542989
13305,6.18022618959295
13306,5.86755653509906
13307,5.69399062994721
13308,5.63664837393211
13309,26.7234193895214
13310,16.143691754968
13311,9.61206666134122
13312,7.48045554542989
13313,6.18022618959295
13314,5.86755653509906
13315,5.69399062994721
13316,5.63664837393211
13317,23.6677719159234
13318,13.4730713844553
13319,7.35431232085649
13320,5.33720752530982
13321,4.07969190527036
13322,3.77259940659973
13323,3.64246097809706
13324,3.58003058385868
13325,23.6677719159234
13326,13.4730713844553
13327,7.35431232085649
13328,5.33720752530982
13329,4.07969190527036
13330,3.77259940659973
13331,3.64246097809706
13332,3.58003058385868
13333,23.6677719159234
13334,13.4730713844553
13335,7.35431232085649
13336,5.33720752530982
13337,4.07969190527036
13338,3.77259940659973
13339,3.64246097809706
13340,3.58003058385868
13341,26.7234193895214
13342,16.143691754968
13343,9.61206666134122
13344,7.48045554542989
13345,6.18022618959295
13346,5.86755653509906
13347,5.69399062994721
13348,5.63664837393211
13349,26.7234193895214
13350,16.143691754968
13351,9.61206666134122
13352,7.48045554542989
13353,6.18022618959295
13354,5.86755653509906
13355,5.69399062994721
13356,5.63664837393211
13357,26.7234193895214
13358,16.143691754968
13359,9.61206666134122
13360,7.48045554542989
13361,6.18022618959295
13362,5.86755653509906
13363,5.69399062994721
13364,5.63664837393211
13365,23.6677719159234
13366,13.4730713844553
13367,7.35431232085649
13368,5.33720752530982
13369,4.07969190527036
13370,3.77259940659973
13371,3.64246097809706
13372,3.58003058385868
13373,23.6677719159234
13374,13.4730713844553
13375,7.35431232085649
13376,5.33720752530982
13377,4.07969190527036
13378,3.77259940659973
13379,3.64246097809706
13380,3.58003058385868
13381,23.6677719159234
13382,13.4730713844553
13383,7.35431232085649
13384,5.33720752530982
13385,4.07969190527036
13386,3.77259940659973
13387,3.64246097809706
13388,3.58003058385868
13389,23.6677719159234
13390,13.4730713844553
13391,7.35431232085649
13392,5.33720752530982
13393,4.07969190527036
13394,3.77259940659973
13395,3.64246097809706
13396,3.58003058385868
13397,23.6677719159234
13398,13.4730713844553
13399,7.35431232085649
13400,5.33720752530982
13401,4.07969190527036
13402,3.77259940659973
13403,3.64246097809706
13404,3.58003058385868
13405,23.6677719159234
13406,13.4730713844553
13407,7.35431232085649
13408,5.33720752530982
13409,4.07969190527036
13410,3.77259940659973
13411,3.64246097809706
13412,3.58003058385868
13413,23.6677719159234
13414,13.4730713844553
13415,7.35431232085649
13416,5.33720752530982
13417,4.07969190527036
13418,3.77259940659973
13419,3.64246097809706
13420,3.58003058385868
13421,3.93390140695351
13422,24.1839530444906
13423,14.0775306801046
13424,8.032049460752
13425,6.01378803143455
13426,4.81692017366605
13427,4.56553711353257
13428,4.40744609883132
13429,4.36270506297057
13430,11.019721553718
13431,7.62233826499669
13432,6.99001972978366
13433,4.3466678987214
13434,35.0922488254945
13435,16.309467732669
13436,17.2466025692234
13437,16.077403003511
13438,4.37246585110826
13439,64.5548590184949
13440,38.6351238753747
13441,14.1972076495319
13442,13.9102963793206
13443,4.3466678987214
13444,14.7999534155652
13445,15.0387019919278
13446,13.2684273854765
13447,7.94869662520339
13448,3.06305587484904
13449,26.7234193895214
13450,16.143691754968
13451,9.61206666134122
13452,7.48045554542989
13453,6.18022618959295
13454,5.86755653509906
13455,5.69399062994721
13456,5.63664837393211
13457,4.93863058161493
13458,4.8338009709651
13459,26.7625920371518
13460,16.3280093389551
13461,9.90101577682484
13462,7.82957552535974
13463,6.56163338935624
13464,6.23742822821277
13465,6.09933455967468
13466,6.01375526676025
13467,26.7625920371518
13468,16.3280093389551
13469,9.90101577682484
13470,7.82957552535974
13471,6.56163338935624
13472,6.23742822821277
13473,6.09933455967468
13474,6.01375526676025
13475,26.7625920371518
13476,16.3280093389551
13477,9.90101577682484
13478,7.82957552535974
13479,6.56163338935624
13480,6.23742822821277
13481,6.09933455967468
13482,6.01375526676025
13483,26.7625920371518
13484,16.3280093389551
13485,9.90101577682484
13486,7.82957552535974
13487,6.56163338935624
13488,6.23742822821277
13489,6.09933455967468
13490,6.01375526676025
13491,24.5222585291227
13492,13.9833305273991
13493,7.59977034450347
13494,5.50234241257195
13495,4.19515569473415
13496,3.86186715489693
13497,3.73945024181551
13498,3.65786273756978
13499,22.6260297941708
13500,12.7474339428441
13501,6.72379638454855
13502,4.74990282488053
13503,3.51020060132022
13504,3.22218849512528
13505,3.12011612612803
13506,3.04623188666699
13507,22.6260297941708
13508,12.7474339428441
13509,6.72379638454855
13510,4.74990282488053
13511,3.51020060132022
13512,3.22218849512528
13513,3.12011612612803
13514,3.04623188666699
13515,10.0958625681373
13516,24.4965293514208
13517,24.4965293514208
13518,7.15036615915727
13519,18.4097890475362
13520,16.1157888814693
13521,11.8050289667748
13522,10.104960908698
13523,8.95041200823223
13524,2.21486069899208
13525,2.92742110405686
13526,24.5222585291227
13527,13.9833305273991
13528,7.59977034450347
13529,5.50234241257195
13530,4.19515569473415
13531,3.86186715489693
13532,3.73945024181551
13533,3.65786273756978
13534,4.24459613566698
13535,6.88241192561048
13536,7.12978180310812
13537,6.88241192561048
13538,6.88241192561048
13539,17.1954327009416
13540,21.7116513796585
13541,6.88421832717341
13542,18.3707312943981
13543,24.8536681637201
13544,17.8067437312399
13545,14.1002908126998
13546,13.6330937789409
13547,8.55949879994367
13548,6.22627611765347
13549,6.00326504786605
13550,22.6260297941708
13551,12.7474339428441
13552,6.72379638454855
13553,4.74990282488053
13554,3.51020060132022
13555,3.22218849512528
13556,3.12011612612803
13557,3.04623188666699
13558,22.6260297941708
13559,12.7474339428441
13560,6.72379638454855
13561,4.74990282488053
13562,3.51020060132022
13563,3.22218849512528
13564,3.12011612612803
13565,3.04623188666699
13566,26.7625920371518
13567,16.3280093389551
13568,9.90101577682484
13569,7.82957552535974
13570,6.56163338935624
13571,6.23742822821277
13572,6.09933455967468
13573,6.01375526676025
13574,26.7625920371518
13575,16.3280093389551
13576,9.90101577682484
13577,7.82957552535974
13578,6.56163338935624
13579,6.23742822821277
13580,6.09933455967468
13581,6.01375526676025
13582,3.19767579725121
13583,34.0099754525679
13584,26.7234193895214
13585,16.143691754968
13586,9.61206666134122
13587,7.48045554542989
13588,6.18022618959295
13589,5.86755653509906
13590,5.69399062994721
13591,5.63664837393211
13592,26.7234193895214
13593,16.143691754968
13594,9.61206666134122
13595,7.48045554542989
13596,6.18022618959295
13597,5.86755653509906
13598,5.69399062994721
13599,5.63664837393211
13600,6.29941135604712
13601,26.7234193895214
13602,16.143691754968
13603,9.61206666134122
13604,7.48045554542989
13605,6.18022618959295
13606,5.86755653509906
13607,5.69399062994721
13608,5.63664837393211
13609,5.30040404510102
13610,56.1093131793158
13611,12.5501788380621
13612,7.47054501268771
13613,8.97595762505977
13614,3.79077976189902
13615,5.36189534402947
13616,4.81200490355816
13617,5.32897122109647
13618,13.9609496280387
13619,26.7234193895214
13620,16.143691754968
13621,9.61206666134122
13622,7.48045554542989
13623,6.18022618959295
13624,5.86755653509906
13625,5.69399062994721
13626,5.63664837393211
13627,20.675901179908
13628,3.38367636485181
13629,22.5853584965568
13630,35.293441507037
13631,27.9772219264462
13632,26.7234193895214
13633,16.143691754968
13634,9.61206666134122
13635,7.48045554542989
13636,6.18022618959295
13637,5.86755653509906
13638,5.69399062994721
13639,5.63664837393211
13640,14.2450773319683
13641,18.3707312943981
13642,398.664731413395
13643,276.893024402416
13644,11.9245177477262
13645,26.7625920371518
13646,16.3280093389551
13647,9.90101577682484
13648,7.82957552535974
13649,6.56163338935624
13650,6.23742822821277
13651,6.09933455967468
13652,6.01375526676025
13653,4.53670151083825
13654,7.08587684783227
13655,9.47094556235075
13656,9.75354595295184
13657,8.95972620441289
13658,8.13349679866528
13659,55.6777849355729
13660,7.78413809996985
13661,7.60324379795758
13662,13.5986989216553
13663,3.19982407096582
13664,4.81828661137932
13665,4.76000505746421
13666,5.14383549806795
13667,23.1578550669112
13668,6.51839133272037
13669,23.6677719159234
13670,13.4730713844553
13671,7.35431232085649
13672,5.33720752530982
13673,4.07969190527036
13674,3.77259940659973
13675,3.64246097809706
13676,3.58003058385868
13677,26.7625920371518
13678,16.3280093389551
13679,9.90101577682484
13680,7.82957552535974
13681,6.56163338935624
13682,6.23742822821277
13683,6.09933455967468
13684,6.01375526676025
13685,26.7625920371518
13686,16.3280093389551
13687,9.90101577682484
13688,7.82957552535974
13689,6.56163338935624
13690,6.23742822821277
13691,6.09933455967468
13692,6.01375526676025
13693,6.43877748797621
13694,34.254335815524
13695,20.8308418531392
13696,12.4253697099722
13697,11.3044884565208
13698,26.7234193895214
13699,16.143691754968
13700,9.61206666134122
13701,7.48045554542989
13702,6.18022618959295
13703,5.86755653509906
13704,5.69399062994721
13705,5.63664837393211
13706,26.7234193895214
13707,16.143691754968
13708,9.61206666134122
13709,7.48045554542989
13710,6.18022618959295
13711,5.86755653509906
13712,5.69399062994721
13713,5.63664837393211
13714,24.5222585291227
13715,13.9833305273991
13716,7.59977034450347
13717,5.50234241257195
13718,4.19515569473415
13719,3.86186715489693
13720,3.73945024181551
13721,3.65786273756978
13722,23.6677719159234
13723,13.4730713844553
13724,7.35431232085649
13725,5.33720752530982
13726,4.07969190527036
13727,3.77259940659973
13728,3.64246097809706
13729,3.58003058385868
13730,6.34433664142411
13731,2.88328246857664
13732,26.7234193895214
13733,16.143691754968
13734,9.61206666134122
13735,7.48045554542989
13736,6.18022618959295
13737,5.86755653509906
13738,5.69399062994721
13739,5.63664837393211
13740,24.5222585291227
13741,13.9833305273991
13742,7.59977034450347
13743,5.50234241257195
13744,4.19515569473415
13745,3.86186715489693
13746,3.73945024181551
13747,3.65786273756978
13748,26.7234193895214
13749,16.143691754968
13750,9.61206666134122
13751,7.48045554542989
13752,6.18022618959295
13753,5.86755653509906
13754,5.69399062994721
13755,5.63664837393211
13756,26.7234193895214
13757,16.143691754968
13758,9.61206666134122
13759,7.48045554542989
13760,6.18022618959295
13761,5.86755653509906
13762,5.69399062994721
13763,5.63664837393211
13764,23.6677719159234
13765,13.4730713844553
13766,7.35431232085649
13767,5.33720752530982
13768,4.07969190527036
13769,3.77259940659973
13770,3.64246097809706
13771,3.58003058385868
13772,26.7234193895214
13773,16.143691754968
13774,9.61206666134122
13775,7.48045554542989
13776,6.18022618959295
13777,5.86755653509906
13778,5.69399062994721
13779,5.63664837393211
13780,26.7234193895214
13781,16.143691754968
13782,9.61206666134122
13783,7.48045554542989
13784,6.18022618959295
13785,5.86755653509906
13786,5.69399062994721
13787,5.63664837393211
13788,1.98594346114113
13789,24.5222585291227
13790,13.9833305273991
13791,7.59977034450347
13792,5.50234241257195
13793,4.19515569473415
13794,3.86186715489693
13795,3.73945024181551
13796,3.65786273756978
13797,23.539116830053
13798,71.1881127783148
13799,42.6315221007675
13800,26.0696576529244
13801,17.0302927203349
13802,30.411393181958
13803,29.1670945360547
13804,6.09864761430866
13805,22.1747283873959
13806,12.4249677571169
13807,6.57748985949333
13808,4.63815341250557
13809,3.42937039123848
13810,3.12903934548496
13811,3.02141548049434
13812,2.97478154136729
13813,182.750909979988
13814,116.985967698175
13815,79.8179983300359
13816,136.383173149598
13817,13.4072742498178
13818,13.4072742498178
13819,9.74422355899155
13820,6.41556841660348
13821,26.7234193895214
13822,16.143691754968
13823,9.61206666134122
13824,7.48045554542989
13825,6.18022618959295
13826,5.86755653509906
13827,5.69399062994721
13828,5.63664837393211
13829,11.6312189338012
13830,23.6677719159234
13831,13.4730713844553
13832,7.35431232085649
13833,5.33720752530982
13834,4.07969190527036
13835,3.77259940659973
13836,3.64246097809706
13837,3.58003058385868
13838,26.7625920371518
13839,16.3280093389551
13840,9.90101577682484
13841,7.82957552535974
13842,6.56163338935624
13843,6.23742822821277
13844,6.09933455967468
13845,6.01375526676025
13846,26.7625920371518
13847,16.3280093389551
13848,9.90101577682484
13849,7.82957552535974
13850,6.56163338935624
13851,6.23742822821277
13852,6.09933455967468
13853,6.01375526676025
13854,3.78503034967498
13855,3.93050193640693
13856,26.7625920371518
13857,16.3280093389551
13858,9.90101577682484
13859,7.82957552535974
13860,6.56163338935624
13861,6.23742822821277
13862,6.09933455967468
13863,6.01375526676025
13864,7.43582290204903
13865,23.0505377872456
13866,6.76109374228459
13867,31.7087240722032
13868,31.7087240722032
13869,8.77208985436322
13870,5.91565883299935
13871,5.7186394648341
13872,7.16855795818673
13873,24.5289867369971
13874,6.87957094165279
13875,9.19197371766728
13876,10.6327569816812
13877,6.15879161935031
13878,5.30530696312288
13879,7.04150466206859
13880,24.5222585291227
13881,13.9833305273991
13882,7.59977034450347
13883,5.50234241257195
13884,4.19515569473415
13885,3.86186715489693
13886,3.73945024181551
13887,3.65786273756978
13888,26.7625920371518
13889,16.3280093389551
13890,9.90101577682484
13891,7.82957552535974
13892,6.56163338935624
13893,6.23742822821277
13894,6.09933455967468
13895,6.01375526676025
13896,16.6807949826492
13897,11.7807978839394
13898,12.9630890504832
13899,18.6766366389759
13900,7.41012249518483
13901,12.2381500101267
13902,18.9790663102505
13903,18.9790663102505
13904,6.88962764209107
13905,7.34487478798184
13906,26.7625920371518
13907,16.3280093389551
13908,9.90101577682484
13909,7.82957552535974
13910,6.56163338935624
13911,6.23742822821277
13912,6.09933455967468
13913,6.01375526676025
13914,7.38835931110084
13915,11.4110622082938
13916,4.69896219952181
13917,12.7668801718656
13918,6.62569429925502
13919,25.2201043167176
13920,15.4124761300228
13921,9.58431023381071
13922,7.61884995742333
13923,6.29160034911094
13924,6.05894376834789
13925,5.8604709587276
13926,5.75719041473762
13927,2.76424313534504
13928,4.28735447969834
13929,5.70500271613751
13930,4.75582794598597
13931,6.72739072325459
13932,30.9123447540581
13933,7.84926698428824
13934,18.6532027566407
13935,3.46253605626822
13936,8.22049543790891
13937,22.4791252040508
13938,31.5306739128912
13939,7.47655803600026
13940,3.05167103757076
13941,10.1859028421957
13942,6.63898759016188
13943,6.63898759016188
13944,17.0497129723473
13945,20.3292231714652
13946,9.94654979506172
13947,6.96506909354069
13948,4.29111204231891
13949,18.9790663102505
13950,22.89189181111
13951,15.8922857717575
13952,11.04181978369
13953,6.22627611765347
13954,6.48850569039894
13955,4.41932331078371
13956,4.85064477463189
13957,16.1283657100806
13958,3.9169491658882
13959,12.1126159410207
13960,24.9312727839081
13961,14.7965696982208
13962,8.61314107229092
13963,6.5010448233443
13964,5.40487726974653
13965,5.1706635806028
13966,5.05211816680521
13967,4.9991496100726
13968,24.9312727839081
13969,14.7965696982208
13970,8.61314107229092
13971,6.5010448233443
13972,5.40487726974653
13973,5.1706635806028
13974,5.05211816680521
13975,4.9991496100726
13976,4.24672735936969
13977,40.3417644476121
13978,19.6306265949015
13979,29.207866679553
13980,24.5222585291227
13981,13.9833305273991
13982,7.59977034450347
13983,5.50234241257195
13984,4.19515569473415
13985,3.86186715489693
13986,3.73945024181551
13987,3.65786273756978
13988,6.33906406401333
13989,7.01974137537846
13990,40.7882099941077
13991,24.5601726519355
13992,13.6807405072833
13993,16.5179409689461
13994,9.61815960913082
13995,11.9245177477262
13996,11.9245177477262
13997,11.9245177477262
13998,4.66940078528253
13999,4.42466493292736
14000,4.28584431106459
14001,4.06682352185197
14002,4.46866597358258
14003,3.99957006186218
14004,24.5222585291227
14005,13.9833305273991
14006,7.59977034450347
14007,5.50234241257195
14008,4.19515569473415
14009,3.86186715489693
14010,3.73945024181551
14011,3.65786273756978
14012,3.72587148233855
14013,26.7234193895214
14014,16.143691754968
14015,9.61206666134122
14016,7.48045554542989
14017,6.18022618959295
14018,5.86755653509906
14019,5.69399062994721
14020,5.63664837393211
14021,26.7234193895214
14022,16.143691754968
14023,9.61206666134122
14024,7.48045554542989
14025,6.18022618959295
14026,5.86755653509906
14027,5.69399062994721
14028,5.63664837393211
14029,13.125700626056
14030,8.51926530733135
14031,9.32150229598438
14032,8.51926530733135
14033,9.42997466040834
14034,26.7234193895214
14035,16.143691754968
14036,9.61206666134122
14037,7.48045554542989
14038,6.18022618959295
14039,5.86755653509906
14040,5.69399062994721
14041,5.63664837393211
14042,6.86893518570113
14043,30.9068278533876
14044,23.7308223925549
14045,18.8919904188535
14046,13.1006623751418
14047,26.7234193895214
14048,16.143691754968
14049,9.61206666134122
14050,7.48045554542989
14051,6.18022618959295
14052,5.86755653509906
14053,5.69399062994721
14054,5.63664837393211
14055,24.2986279166317
14056,19.2219848612561
14057,4.58621870302901
14058,4.31574162915811
14059,23.6677719159234
14060,13.4730713844553
14061,7.35431232085649
14062,5.33720752530982
14063,4.07969190527036
14064,3.77259940659973
14065,3.64246097809706
14066,3.58003058385868
14067,31.5306739128912
14068,3.63104508975849
14069,8.0254462953082
14070,26.7234193895214
14071,16.143691754968
14072,9.61206666134122
14073,7.48045554542989
14074,6.18022618959295
14075,5.86755653509906
14076,5.69399062994721
14077,5.63664837393211
14078,26.7234193895214
14079,16.143691754968
14080,9.61206666134122
14081,7.48045554542989
14082,6.18022618959295
14083,5.86755653509906
14084,5.69399062994721
14085,5.63664837393211
14086,4.53699780985712
14087,4.18824651787572
14088,4.7924376274758
14089,4.18824651787572
14090,4.9654869368332
14091,6.99001972978366
14092,26.7234193895214
14093,16.143691754968
14094,9.61206666134122
14095,7.48045554542989
14096,6.18022618959295
14097,5.86755653509906
14098,5.69399062994721
14099,5.63664837393211
14100,4.18824651787572
14101,5.16258346756343
14102,20.9238336879796
14103,7.68848286467696
14104,5.01851584690664
14105,7.68848286467696
14106,30.9894617344653
14107,6.66192019043464
14108,2.14241556609036
14109,2.45548459091716
14110,23.6677719159234
14111,13.4730713844553
14112,7.35431232085649
14113,5.33720752530982
14114,4.07969190527036
14115,3.77259940659973
14116,3.64246097809706
14117,3.58003058385868
14118,24.9307754148603
14119,14.5275044221937
14120,8.07609013114248
14121,6.03045160920204
14122,4.68776836222145
14123,4.44634185290089
14124,4.30140865226344
14125,4.2517046861084
14126,24.9307754148603
14127,14.5275044221937
14128,8.07609013114248
14129,6.03045160920204
14130,4.68776836222145
14131,4.44634185290089
14132,4.30140865226344
14133,4.2517046861084
14134,24.9307754148603
14135,14.5275044221937
14136,8.07609013114248
14137,6.03045160920204
14138,4.68776836222145
14139,4.44634185290089
14140,4.30140865226344
14141,4.2517046861084
14142,24.9307754148603
14143,14.5275044221937
14144,8.07609013114248
14145,6.03045160920204
14146,4.68776836222145
14147,4.44634185290089
14148,4.30140865226344
14149,4.2517046861084
14150,39.3521021701916
14151,39.3521021701916
14152,24.9307754148603
14153,14.5275044221937
14154,8.07609013114248
14155,6.03045160920204
14156,4.68776836222145
14157,4.44634185290089
14158,4.30140865226344
14159,4.2517046861084
14160,24.9307754148603
14161,14.5275044221937
14162,8.07609013114248
14163,6.03045160920204
14164,4.68776836222145
14165,4.44634185290089
14166,4.30140865226344
14167,4.2517046861084
14168,23.8482426896362
14169,13.7313350436597
14170,7.55773398534525
14171,5.47934683077432
14172,4.18778816245127
14173,3.95128486365538
14174,3.79182403621529
14175,3.68452754495009
14176,26.7625920371518
14177,16.3280093389551
14178,9.90101577682484
14179,7.82957552535974
14180,6.56163338935624
14181,6.23742822821277
14182,6.09933455967468
14183,6.01375526676025
14184,26.7625920371518
14185,16.3280093389551
14186,9.90101577682484
14187,7.82957552535974
14188,6.56163338935624
14189,6.23742822821277
14190,6.09933455967468
14191,6.01375526676025
14192,3.23105528988728
14193,4.34193842611511
14194,26.7234193895214
14195,16.143691754968
14196,9.61206666134122
14197,7.48045554542989
14198,6.18022618959295
14199,5.86755653509906
14200,5.69399062994721
14201,5.63664837393211
14202,6.55691148869835
14203,11.8176852099612
14204,2.3433125444356
14205,10.8291293374187
14206,12.0143708454692
14207,11.1995687265378
14208,7.11266312507091
14209,10.1599809039889
14210,6.91490225672427
14211,6.87146486355175
14212,8.40560074855936
14213,1.70292469722687
14214,43.1626583325211
14215,43.1626583325211
14216,27.8106633027308
14217,17.9121777304739
14218,14.365061242494
14219,12.9788280403348
14220,24.5222585291227
14221,13.9833305273991
14222,7.59977034450347
14223,5.50234241257195
14224,4.19515569473415
14225,3.86186715489693
14226,3.73945024181551
14227,3.65786273756978
14228,4.58118136708981
14229,4.25119985531876
14230,26.7234193895214
14231,16.143691754968
14232,9.61206666134122
14233,7.48045554542989
14234,6.18022618959295
14235,5.86755653509906
14236,5.69399062994721
14237,5.63664837393211
14238,6.22627611765347
14239,7.40058812568442
14240,10.5488431742791
14241,3.78241585691963
14242,18.7990577303204
14243,4.4220000226641
14244,7.57209304585309
14245,5.89304541203416
14246,5.54326383984713
14247,5.80994010677278
14248,26.7234193895214
14249,16.143691754968
14250,9.61206666134122
14251,7.48045554542989
14252,6.18022618959295
14253,5.86755653509906
14254,5.69399062994721
14255,5.63664837393211
14256,26.7234193895214
14257,16.143691754968
14258,9.61206666134122
14259,7.48045554542989
14260,6.18022618959295
14261,5.86755653509906
14262,5.69399062994721
14263,5.63664837393211
14264,6.09876877632549
14265,7.39092630735446
14266,6.10724618057431
14267,30.2845636110336
14268,3.87813882127534
14269,3.81472127280635
14270,35.3074206956741
14271,30.5182436406665
14272,28.2387947471016
14273,22.2607881427583
14274,3.87813882127534
14275,23.1434264301966
14276,3.25320151949733
14277,22.6260297941708
14278,12.7474339428441
14279,6.72379638454855
14280,4.74990282488053
14281,3.51020060132022
14282,3.22218849512528
14283,3.12011612612803
14284,3.04623188666699
14285,32.9588641522703
14286,25.2201043167176
14287,15.4124761300228
14288,9.58431023381071
14289,7.61884995742333
14290,6.29160034911094
14291,6.05894376834789
14292,5.8604709587276
14293,5.75719041473762
14294,41.9174949230921
14295,7.91451565610359
14296,14.2903461483576
14297,7.18975195630882
14298,26.7234193895214
14299,16.143691754968
14300,9.61206666134122
14301,7.48045554542989
14302,6.18022618959295
14303,5.86755653509906
14304,5.69399062994721
14305,5.63664837393211
14306,26.7234193895214
14307,16.143691754968
14308,9.61206666134122
14309,7.48045554542989
14310,6.18022618959295
14311,5.86755653509906
14312,5.69399062994721
14313,5.63664837393211
14314,26.7234193895214
14315,16.143691754968
14316,9.61206666134122
14317,7.48045554542989
14318,6.18022618959295
14319,5.86755653509906
14320,5.69399062994721
14321,5.63664837393211
14322,26.7234193895214
14323,16.143691754968
14324,9.61206666134122
14325,7.48045554542989
14326,6.18022618959295
14327,5.86755653509906
14328,5.69399062994721
14329,5.63664837393211
14330,23.6677719159234
14331,13.4730713844553
14332,7.35431232085649
14333,5.33720752530982
14334,4.07969190527036
14335,3.77259940659973
14336,3.64246097809706
14337,3.58003058385868
14338,15.535645813441
14339,3.88849858786215
14340,22.8552730242104
14341,14.2471910102062
14342,11.9987944896507
14343,8.34779238135806
14344,6.55908334616624
14345,22.8552730242104
14346,14.2471910102062
14347,8.34779238135806
14348,6.55908334616624
14349,6.12181462172587
14350,25.7655044769513
14351,14.7850802566631
14352,12.5870997224212
14353,8.76433922792949
14354,7.00463089242769
14355,25.7655044769513
14356,14.7850802566631
14357,12.5870997224212
14358,8.76433922792949
14359,7.00463089242769
14360,26.7625920371518
14361,16.3280093389551
14362,9.90101577682484
14363,7.82957552535974
14364,6.56163338935624
14365,6.23742822821277
14366,6.09933455967468
14367,6.01375526676025
14368,14.0543904336382
14369,7.06011896915209
14370,6.59662698381533
14371,8.73329404389215
14372,8.73329404389215
14373,5.65818672635154
14374,6.62569429925502
14375,13.5077275830769
14376,23.2776200449822
14377,60.9553464140941
14378,5.12573936626213
14379,10.8508612667469
14380,13.8129298270204
14381,7.54363860116658
14382,6.53281638800653
14383,7.06415748926405
14384,28.8909426667736
14385,74.0231976573066
14386,13.9861207208215
14387,13.3441673567852
14388,231.113536083774
14389,105.527383860295
14390,68.0979735451716
14391,4.3159394105866
14392,5.09152571691814
14393,21.3997683842419
14394,11.8085618428963
14395,6.03272181528933
14396,4.12991684802924
14397,2.9379857272029
14398,2.61018401235611
14399,2.48847603026307
14400,2.44162692340168
14401,21.5402179428446
14402,11.9545178239482
14403,6.18274308853252
14404,4.28278940695766
14405,3.08655054349142
14406,2.77778804475034
14407,2.67345061970601
14408,2.62007477606389
14409,3.25320151949733
14410,22.9069956427422
14411,3.79118243137877
14412,22.8552730242104
14413,14.2471910102062
14414,11.9987944896507
14415,8.34779238135806
14416,6.55908334616624
14417,30.6425925935128
14418,19.3114742711539
14419,17.5208285578288
14420,15.2476631096872
14421,7.66418117967392
14422,4.57894929838061
14423,23.6677719159234
14424,13.4730713844553
14425,7.35431232085649
14426,5.33720752530982
14427,4.07969190527036
14428,3.77259940659973
14429,3.64246097809706
14430,3.58003058385868
14431,26.7625920371518
14432,16.3280093389551
14433,9.90101577682484
14434,7.82957552535974
14435,6.56163338935624
14436,6.23742822821277
14437,6.09933455967468
14438,6.01375526676025
14439,26.7625920371518
14440,16.3280093389551
14441,9.90101577682484
14442,7.82957552535974
14443,6.56163338935624
14444,6.23742822821277
14445,6.09933455967468
14446,6.01375526676025
14447,16.1182930815755
14448,56.6130587141963
14449,26.4430741950578
14450,24.0350730478665
14451,14.0808421758205
14452,8.18292367356611
14453,6.20423437449385
14454,5.03515806242805
14455,4.69198151300736
14456,4.50938557795379
14457,103.142266913142
14458,15.409691106658
14459,5.55621561919024
14460,17.6150841670418
14461,24.5222585291227
14462,13.9833305273991
14463,7.59977034450347
14464,5.50234241257195
14465,4.19515569473415
14466,3.86186715489693
14467,3.73945024181551
14468,3.65786273756978
14469,24.5222585291227
14470,13.9833305273991
14471,7.59977034450347
14472,5.50234241257195
14473,4.19515569473415
14474,3.86186715489693
14475,3.73945024181551
14476,3.65786273756978
14477,12.6521227110609
14478,24.5222585291227
14479,13.9833305273991
14480,7.59977034450347
14481,5.50234241257195
14482,4.19515569473415
14483,3.86186715489693
14484,3.73945024181551
14485,3.65786273756978
14486,26.7625920371518
14487,16.3280093389551
14488,9.90101577682484
14489,7.82957552535974
14490,6.56163338935624
14491,6.23742822821277
14492,6.09933455967468
14493,6.01375526676025
14494,5.97848818759803
14495,12.2815995966614
14496,6.10929610943131
14497,24.7018923535286
14498,14.212939018764
14499,7.99859261589267
14500,5.91103328378272
14501,4.66080260604447
14502,4.37683593489885
14503,4.25771965785903
14504,4.17605732088712
14505,6.0457526216049
14506,5.70034251562965
14507,4.691623127728
14508,8.68736273740126
14509,4.81625598613943
14510,5.78546623501482
14511,4.81625598613943
14512,5.93965828999309
14513,3.25320151949733
14514,6.96222553217698
14515,14.7835123346815
14516,91.2235858330927
14517,36.3452140808244
14518,7.67478475278825
14519,8.14614892505875
14520,24.0350730478665
14521,14.0808421758205
14522,8.18292367356611
14523,6.20423437449385
14524,5.03515806242805
14525,4.69198151300736
14526,4.50938557795379
14527,24.0350730478665
14528,14.0808421758205
14529,8.18292367356611
14530,6.20423437449385
14531,5.03515806242805
14532,4.69198151300736
14533,4.50938557795379
14534,5.29441239742233
14535,23.4283656427912
14536,12.4677482002778
14537,4.47172063052112
14538,53.3727582101874
14539,3.87813882127534
14540,1.6740166775655
14541,9.28413442861145
14542,18.0687890604404
14543,5.3803985395326
14544,3.87813882127534
14545,21.1897000966346
14546,21.1897000966346
14547,24.5222585291227
14548,13.9833305273991
14549,7.59977034450347
14550,5.50234241257195
14551,4.19515569473415
14552,3.86186715489693
14553,3.73945024181551
14554,3.65786273756978
14555,3.96036179360097
14556,3.98802346505321
14557,5.83670381664941
14558,3.09871727317256
14559,3.68074962957922
14560,6.10724618057431
14561,23.6677719159234
14562,13.4730713844553
14563,7.35431232085649
14564,5.33720752530982
14565,4.07969190527036
14566,3.77259940659973
14567,3.64246097809706
14568,3.58003058385868
14569,23.6677719159234
14570,13.4730713844553
14571,7.35431232085649
14572,5.33720752530982
14573,4.07969190527036
14574,3.77259940659973
14575,3.64246097809706
14576,3.58003058385868
14577,7.70874037551942
14578,31.0557993190741
14579,13.4099254461164
14580,47.0650531974148
14581,19.6907715633947
14582,20.2252026369355
14583,12.9581227787461
14584,9.75828174654551
14585,6.49911166072234
14586,56.5299253147577
14587,26.4515068280276
14588,14.0134866965939
14589,14.5937539756315
14590,16.0275990290161
14591,24.1839530444906
14592,14.0775306801046
14593,8.032049460752
14594,6.01378803143455
14595,4.81692017366605
14596,4.56553711353257
14597,4.40744609883132
14598,4.36270506297057
14599,24.1839530444906
14600,14.0775306801046
14601,8.032049460752
14602,6.01378803143455
14603,4.81692017366605
14604,4.56553711353257
14605,4.40744609883132
14606,4.36270506297057
14607,8.2822798909062
14608,6.78997530429131
14609,14.8847455810516
14610,4.24672735936969
14611,23.6677719159234
14612,13.4730713844553
14613,7.35431232085649
14614,5.33720752530982
14615,4.07969190527036
14616,3.77259940659973
14617,3.64246097809706
14618,3.58003058385868
14619,27.351497939542
14620,6.99736112954777
14621,10.0950043900014
14622,83.4261742534108
14623,2.78891931103974
14624,9.36908411307676
14625,8.4199166427546
14626,8.76950905875071
14627,8.94984107697085
14628,30.1675700548187
14629,26.7234193895214
14630,16.143691754968
14631,9.61206666134122
14632,7.48045554542989
14633,6.18022618959295
14634,5.86755653509906
14635,5.69399062994721
14636,5.63664837393211
14637,26.7234193895214
14638,16.143691754968
14639,9.61206666134122
14640,7.48045554542989
14641,6.18022618959295
14642,5.86755653509906
14643,5.69399062994721
14644,5.63664837393211
14645,24.5222585291227
14646,13.9833305273991
14647,7.59977034450347
14648,5.50234241257195
14649,4.19515569473415
14650,3.86186715489693
14651,3.73945024181551
14652,3.65786273756978
14653,24.5222585291227
14654,13.9833305273991
14655,7.59977034450347
14656,5.50234241257195
14657,4.19515569473415
14658,3.86186715489693
14659,3.73945024181551
14660,3.65786273756978
14661,24.5222585291227
14662,13.9833305273991
14663,7.59977034450347
14664,5.50234241257195
14665,4.19515569473415
14666,3.86186715489693
14667,3.73945024181551
14668,3.65786273756978
14669,12.7693520350067
14670,8.30794954828633
14671,5.67744696004407
14672,9.14700778364484
14673,4.24672735936969
14674,25.2201043167176
14675,15.4124761300228
14676,9.58431023381071
14677,7.61884995742333
14678,6.29160034911094
14679,6.05894376834789
14680,5.8604709587276
14681,5.75719041473762
14682,4.36949491181997
14683,3.33986669267671
14684,4.25886154209534
14685,2.17864281844464
14686,6.00326504786605
14687,4.35708073325913
14688,4.86895035419649
14689,10.2113882617121
14690,6.6803926439179
14691,20.3524380283751
14692,8.37737051602626
14693,15.535645813441
14694,16.2940562649084
14695,7.21894491911671
14696,10.1874409350315
14697,22.3877529753705
14698,9.07541676527422
14699,8.69460739184718
14700,7.79268969000488
14701,7.9751797808097
14702,26.7625920371518
14703,16.3280093389551
14704,9.90101577682484
14705,7.82957552535974
14706,6.56163338935624
14707,6.23742822821277
14708,6.09933455967468
14709,6.01375526676025
14710,4.57342749288945
14711,5.06861847067334
14712,18.0321231952621
14713,20.8018783530952
14714,16.0327113652203
14715,20.1772957401534
14716,38.0681811394413
14717,26.2998373327596
14718,17.3949251798336
14719,22.398881453284
14720,9.76858812970195
14721,9.60372597684804
14722,5.40040605386642
14723,24.1839530444906
14724,14.0775306801046
14725,8.032049460752
14726,6.01378803143455
14727,4.81692017366605
14728,4.56553711353257
14729,4.40744609883132
14730,4.36270506297057
14731,27.9344662807177
14732,96.7359742126962
14733,25.1648593350997
14734,6.34552268745773
14735,5.72606137197344
14736,5.96999423804238
14737,2.38061548949799
14738,3.27151183008976
14739,21.5811054214194
14740,11.9967729811674
14741,6.22847349048808
14742,4.30188163378876
14743,3.07602197508895
14744,2.77246088880403
14745,2.68412859353427
14746,2.62487021730008
14747,21.5811054214194
14748,11.9967729811674
14749,6.22847349048808
14750,4.30188163378876
14751,3.07602197508895
14752,2.77246088880403
14753,2.68412859353427
14754,2.62487021730008
14755,21.5811054214194
14756,11.9967729811674
14757,6.22847349048808
14758,4.30188163378876
14759,3.07602197508895
14760,2.77246088880403
14761,2.68412859353427
14762,2.62487021730008
14763,21.5811054214194
14764,11.9967729811674
14765,6.22847349048808
14766,4.30188163378876
14767,3.07602197508895
14768,2.77246088880403
14769,2.68412859353427
14770,2.62487021730008
14771,21.5811054214194
14772,11.9967729811674
14773,6.22847349048808
14774,4.30188163378876
14775,3.07602197508895
14776,2.77246088880403
14777,2.68412859353427
14778,2.62487021730008
14779,21.5811054214194
14780,11.9967729811674
14781,6.22847349048808
14782,4.30188163378876
14783,3.07602197508895
14784,2.77246088880403
14785,2.68412859353427
14786,2.62487021730008
14787,21.5811054214194
14788,11.9967729811674
14789,6.22847349048808
14790,4.30188163378876
14791,3.07602197508895
14792,2.77246088880403
14793,2.68412859353427
14794,2.62487021730008
14795,21.5811054214194
14796,11.9967729811674
14797,6.22847349048808
14798,4.30188163378876
14799,3.07602197508895
14800,2.77246088880403
14801,2.68412859353427
14802,2.62487021730008
14803,21.5811054214194
14804,11.9967729811674
14805,6.22847349048808
14806,4.30188163378876
14807,3.07602197508895
14808,2.77246088880403
14809,2.68412859353427
14810,2.62487021730008
14811,21.5402179428446
14812,11.9545178239482
14813,6.18274308853252
14814,4.28278940695766
14815,3.08655054349142
14816,2.77778804475034
14817,2.67345061970601
14818,2.62007477606389
14819,21.5402179428446
14820,11.9545178239482
14821,6.18274308853252
14822,4.28278940695766
14823,3.08655054349142
14824,2.77778804475034
14825,2.67345061970601
14826,2.62007477606389
14827,21.5811054214194
14828,11.9967729811674
14829,6.22847349048808
14830,4.30188163378876
14831,3.07602197508895
14832,2.77246088880403
14833,2.68412859353427
14834,2.62487021730008
14835,21.5811054214194
14836,11.9967729811674
14837,6.22847349048808
14838,4.30188163378876
14839,3.07602197508895
14840,2.77246088880403
14841,2.68412859353427
14842,2.62487021730008
14843,14.9354933412939
14844,10.9773449275572
14845,9.22047898401676
14846,6.44437941874075
14847,21.5811054214194
14848,11.9967729811674
14849,6.22847349048808
14850,4.30188163378876
14851,3.07602197508895
14852,2.77246088880403
14853,2.68412859353427
14854,2.62487021730008
14855,21.5811054214194
14856,11.9967729811674
14857,6.22847349048808
14858,4.30188163378876
14859,3.07602197508895
14860,2.77246088880403
14861,2.68412859353427
14862,2.62487021730008
14863,24.1839530444906
14864,14.0775306801046
14865,8.032049460752
14866,6.01378803143455
14867,4.81692017366605
14868,4.56553711353257
14869,4.40744609883132
14870,4.36270506297057
14871,22.550103077486
14872,3.42608719663305
14873,3.49835785955557
14874,3.42608719663305
14875,3.49835785955557
14876,10.3940050321978
14877,6.74556638779655
14878,19.7473851529981
14879,6.3637396106226
14880,6.68757213767853
14881,19.7473851529981
14882,8.27703824133814
14883,6.11013325076933
14884,7.59864027594083
14885,6.74700621636775
14886,6.74700621636775
14887,11.7551742849203
14888,11.7551742849203
14889,4.24713289705348
14890,22.8552730242104
14891,14.2471910102062
14892,11.9987944896507
14893,8.34779238135806
14894,6.55908334616624
14895,5.5385968159544
14896,5.84435294075566
14897,80.7433451153535
14898,58.6350900904791
14899,50.6272902649766
14900,6.32729341687989
14901,6.03602611679819
14902,7.50694383393703
14903,7.68848286467696
14904,7.85962374970687
14905,7.68848286467696
14906,3.25320151949733
14907,3.27151183008976
14908,3.98635215475243
14909,5.24773578414189
14910,26.7625920371518
14911,16.3280093389551
14912,9.90101577682484
14913,7.82957552535974
14914,6.56163338935624
14915,6.23742822821277
14916,6.09933455967468
14917,6.01375526676025
14918,24.5222585291227
14919,13.9833305273991
14920,7.59977034450347
14921,5.50234241257195
14922,4.19515569473415
14923,3.86186715489693
14924,3.73945024181551
14925,3.65786273756978
14926,23.6677719159234
14927,13.4730713844553
14928,7.35431232085649
14929,5.33720752530982
14930,4.07969190527036
14931,3.77259940659973
14932,3.64246097809706
14933,3.58003058385868
14934,21.9259413931841
14935,10.3070587825253
14936,6.22627611765347
14937,113.217093495886
14938,26.7234193895214
14939,16.143691754968
14940,9.61206666134122
14941,7.48045554542989
14942,6.18022618959295
14943,5.86755653509906
14944,5.69399062994721
14945,5.63664837393211
14946,22.6260297941708
14947,12.7474339428441
14948,6.72379638454855
14949,4.74990282488053
14950,3.51020060132022
14951,3.22218849512528
14952,3.12011612612803
14953,3.04623188666699
14954,5.24773578414189
14955,23.6677719159234
14956,13.4730713844553
14957,7.35431232085649
14958,5.33720752530982
14959,4.07969190527036
14960,3.77259940659973
14961,3.64246097809706
14962,3.58003058385868
14963,5.19354536658164
14964,14.5271029120739
14965,34.4161124367441
14966,27.2654119847886
14967,7.12995646993511
14968,2.81592506533489
14969,26.7234193895214
14970,16.143691754968
14971,9.61206666134122
14972,7.48045554542989
14973,6.18022618959295
14974,5.86755653509906
14975,5.69399062994721
14976,5.63664837393211
14977,23.6677719159234
14978,13.4730713844553
14979,7.35431232085649
14980,5.33720752530982
14981,4.07969190527036
14982,3.77259940659973
14983,3.64246097809706
14984,3.58003058385868
14985,26.7234193895214
14986,16.143691754968
14987,9.61206666134122
14988,7.48045554542989
14989,6.18022618959295
14990,5.86755653509906
14991,5.69399062994721
14992,5.63664837393211
14993,26.7234193895214
14994,16.143691754968
14995,9.61206666134122
14996,7.48045554542989
14997,6.18022618959295
14998,5.86755653509906
14999,5.69399062994721
15000,5.63664837393211
15001,6.79885278773445
15002,3.19000057423465
15003,6.87825242178242
15004,2.86011180095578
15005,6.98507394227218
15006,48.6795885284104
15007,10.8122685156788
15008,6.95762926825367
15009,5.92891718202532
15010,26.7234193895214
15011,16.143691754968
15012,9.61206666134122
15013,7.48045554542989
15014,6.18022618959295
15015,5.86755653509906
15016,5.69399062994721
15017,5.63664837393211
15018,26.7234193895214
15019,16.143691754968
15020,9.61206666134122
15021,7.48045554542989
15022,6.18022618959295
15023,5.86755653509906
15024,5.69399062994721
15025,5.63664837393211
15026,52.5229230124705
15027,34.4672268245798
15028,72.135786609071
15029,12.7315848357115
15030,9.84214054979052
15031,51.2105087377495
15032,38.8197740935696
15033,16.3513747004641
15034,8.25629127358098
15035,24.1839530444906
15036,14.0775306801046
15037,8.032049460752
15038,6.01378803143455
15039,4.81692017366605
15040,4.56553711353257
15041,4.40744609883132
15042,4.36270506297057
15043,26.7234193895214
15044,16.143691754968
15045,9.61206666134122
15046,7.48045554542989
15047,6.18022618959295
15048,5.86755653509906
15049,5.69399062994721
15050,5.63664837393211
15051,26.7234193895214
15052,16.143691754968
15053,9.61206666134122
15054,7.48045554542989
15055,6.18022618959295
15056,5.86755653509906
15057,5.69399062994721
15058,5.63664837393211
15059,16.8485386837363
15060,7.18853446101905
15061,4.77396690343795
15062,24.5222585291227
15063,13.9833305273991
15064,7.59977034450347
15065,5.50234241257195
15066,4.19515569473415
15067,3.86186715489693
15068,3.73945024181551
15069,3.65786273756978
15070,22.6260297941708
15071,12.7474339428441
15072,6.72379638454855
15073,4.74990282488053
15074,3.51020060132022
15075,3.22218849512528
15076,3.12011612612803
15077,3.04623188666699
15078,16.8485386837363
15079,7.18853446101905
15080,4.77396690343795
15081,24.5222585291227
15082,13.9833305273991
15083,7.59977034450347
15084,5.50234241257195
15085,4.19515569473415
15086,3.86186715489693
15087,3.73945024181551
15088,3.65786273756978
15089,22.1747283873959
15090,12.4249677571169
15091,6.57748985949333
15092,4.63815341250557
15093,3.42937039123848
15094,3.12903934548496
15095,3.02141548049434
15096,2.97478154136729
15097,50.2160435636137
15098,18.9608781754886
15099,25.7412369726376
15100,12.9178647995538
15101,12.8708068618472
15102,16.8485386837363
15103,7.18853446101905
15104,4.77396690343795
15105,8.08187128512317
15106,7.05945765954498
15107,6.64571853524299
15108,6.64571853524299
15109,26.7234193895214
15110,16.143691754968
15111,9.61206666134122
15112,7.48045554542989
15113,6.18022618959295
15114,5.86755653509906
15115,5.69399062994721
15116,5.63664837393211
15117,26.7234193895214
15118,16.143691754968
15119,9.61206666134122
15120,7.48045554542989
15121,6.18022618959295
15122,5.86755653509906
15123,5.69399062994721
15124,5.63664837393211
15125,26.7234193895214
15126,16.143691754968
15127,9.61206666134122
15128,7.48045554542989
15129,6.18022618959295
15130,5.86755653509906
15131,5.69399062994721
15132,5.63664837393211
15133,5.93256419165181
15134,26.7234193895214
15135,16.143691754968
15136,9.61206666134122
15137,7.48045554542989
15138,6.18022618959295
15139,5.86755653509906
15140,5.69399062994721
15141,5.63664837393211
15142,24.5222585291227
15143,13.9833305273991
15144,7.59977034450347
15145,5.50234241257195
15146,4.19515569473415
15147,3.86186715489693
15148,3.73945024181551
15149,3.65786273756978
15150,26.7625920371518
15151,16.3280093389551
15152,9.90101577682484
15153,7.82957552535974
15154,6.56163338935624
15155,6.23742822821277
15156,6.09933455967468
15157,6.01375526676025
15158,23.6677719159234
15159,13.4730713844553
15160,7.35431232085649
15161,5.33720752530982
15162,4.07969190527036
15163,3.77259940659973
15164,3.64246097809706
15165,3.58003058385868
15166,23.6677719159234
15167,13.4730713844553
15168,7.35431232085649
15169,5.33720752530982
15170,4.07969190527036
15171,3.77259940659973
15172,3.64246097809706
15173,3.58003058385868
15174,22.1747283873959
15175,12.4249677571169
15176,6.57748985949333
15177,4.63815341250557
15178,3.42937039123848
15179,3.12903934548496
15180,3.02141548049434
15181,2.97478154136729
15182,7.57462843546537
15183,26.7625920371518
15184,16.3280093389551
15185,9.90101577682484
15186,7.82957552535974
15187,6.56163338935624
15188,6.23742822821277
15189,6.09933455967468
15190,6.01375526676025
15191,2.08458525990923
15192,24.0350730478665
15193,14.0808421758205
15194,8.18292367356611
15195,6.20423437449385
15196,5.03515806242805
15197,4.69198151300736
15198,4.50938557795379
15199,24.0350730478665
15200,14.0808421758205
15201,8.18292367356611
15202,6.20423437449385
15203,5.03515806242805
15204,4.69198151300736
15205,4.50938557795379
15206,24.0350730478665
15207,14.0808421758205
15208,8.18292367356611
15209,6.20423437449385
15210,5.03515806242805
15211,4.69198151300736
15212,4.50938557795379
15213,39.6546261817538
15214,37.2803226697426
15215,3.06305587484904
15216,22.023136337277
15217,33.6262055481354
15218,12.4943141252509
15219,10.215452599762
15220,10.215452599762
15221,9.17820681572301
15222,9.17820681572301
15223,4.24672735936969
15224,24.4769435927491
15225,26.7625920371518
15226,16.3280093389551
15227,9.90101577682484
15228,7.82957552535974
15229,6.56163338935624
15230,6.23742822821277
15231,6.09933455967468
15232,6.01375526676025
15233,26.7234193895214
15234,16.143691754968
15235,9.61206666134122
15236,7.48045554542989
15237,6.18022618959295
15238,5.86755653509906
15239,5.69399062994721
15240,5.63664837393211
15241,26.7234193895214
15242,16.143691754968
15243,9.61206666134122
15244,7.48045554542989
15245,6.18022618959295
15246,5.86755653509906
15247,5.69399062994721
15248,5.63664837393211
15249,26.7625920371518
15250,16.3280093389551
15251,9.90101577682484
15252,7.82957552535974
15253,6.56163338935624
15254,6.23742822821277
15255,6.09933455967468
15256,6.01375526676025
15257,7.94702356332152
15258,27.2654119847886
15259,19.7457211066175
15260,55.6777849355729
15261,3.28424477606312
15262,3.93738648166455
15263,4.13138842655971
15264,14.2940309880608
15265,26.7234193895214
15266,16.143691754968
15267,9.61206666134122
15268,7.48045554542989
15269,6.18022618959295
15270,5.86755653509906
15271,5.69399062994721
15272,5.63664837393211
15273,17.2530794135778
15274,13.6330937789409
15275,12.1792078577006
15276,8.59212246240981
15277,2.45524060703999
15278,2.3581381910999
15279,4.53250789312811
15280,4.53250789312811
15281,11.019721553718
15282,19.5102035597271
15283,7.41012249518483
15284,24.9307754148603
15285,14.5275044221937
15286,8.07609013114248
15287,6.03045160920204
15288,4.68776836222145
15289,4.44634185290089
15290,4.30140865226344
15291,4.2517046861084
15292,24.9307754148603
15293,14.5275044221937
15294,8.07609013114248
15295,6.03045160920204
15296,4.68776836222145
15297,4.44634185290089
15298,4.30140865226344
15299,4.2517046861084
15300,24.9307754148603
15301,14.5275044221937
15302,8.07609013114248
15303,6.03045160920204
15304,4.68776836222145
15305,4.44634185290089
15306,4.30140865226344
15307,4.2517046861084
15308,26.7234193895214
15309,16.143691754968
15310,9.61206666134122
15311,7.48045554542989
15312,6.18022618959295
15313,5.86755653509906
15314,5.69399062994721
15315,5.63664837393211
15316,6.10820907517248
15317,80.0651630220199
15318,23.2562735832694
15319,26.1509299575364
15320,3.45502383388559
15321,59.2268839464759
15322,59.2268839464759
15323,52.0736167314846
15324,13.1291740336461
15325,5.4001874094379
15326,11.7468831058879
15327,12.5934602940637
15328,16.1616493364786
15329,15.5816696673534
15330,2.63409903701764
15331,3.69048396382711
15332,34.254335815524
15333,20.8308418531392
15334,12.4253697099722
15335,11.3044884565208
15336,9.29899385477498
15337,14.9000633100722
15338,9.01409334852338
15339,26.7625920371518
15340,16.3280093389551
15341,9.90101577682484
15342,7.82957552535974
15343,6.56163338935624
15344,6.23742822821277
15345,6.09933455967468
15346,6.01375526676025
15347,22.028622092119
15348,18.4937396381297
15349,11.644885050083
15350,34.0460189848575
15351,35.1908396638487
15352,20.2841599655135
15353,21.5479824193572
15354,62.5238288195378
15355,62.5238288195378
15356,18.4937396381297
15357,29.5679093117636
15358,59.848451437293
15359,35.4581553146733
15360,24.3942950268911
15361,21.5724470650746
15362,14.0876180890484
15363,14.0745029475992
15364,5.11333069704132
15365,12.1097232258656
15366,12.1097232258656
15367,12.1097232258656
15368,10.5595267604936
15369,12.1097232258656
15370,23.7137597147577
15371,12.1097232258656
15372,24.0350730478665
15373,14.0808421758205
15374,8.18292367356611
15375,6.20423437449385
15376,5.03515806242805
15377,4.69198151300736
15378,4.50938557795379
15379,3.25320151949733
15380,3.27151183008976
15381,3.33251278436333
15382,3.25320151949733
15383,32.9588641522703
15384,26.7234193895214
15385,16.143691754968
15386,9.61206666134122
15387,7.48045554542989
15388,6.18022618959295
15389,5.86755653509906
15390,5.69399062994721
15391,5.63664837393211
15392,26.7234193895214
15393,16.143691754968
15394,9.61206666134122
15395,7.48045554542989
15396,6.18022618959295
15397,5.86755653509906
15398,5.69399062994721
15399,5.63664837393211
15400,24.1839530444906
15401,14.0775306801046
15402,8.032049460752
15403,6.01378803143455
15404,4.81692017366605
15405,4.56553711353257
15406,4.40744609883132
15407,4.36270506297057
15408,24.1839530444906
15409,14.0775306801046
15410,8.032049460752
15411,6.01378803143455
15412,4.81692017366605
15413,4.56553711353257
15414,4.40744609883132
15415,4.36270506297057
15416,26.7625920371518
15417,16.3280093389551
15418,9.90101577682484
15419,7.82957552535974
15420,6.56163338935624
15421,6.23742822821277
15422,6.09933455967468
15423,6.01375526676025
15424,26.7234193895214
15425,16.143691754968
15426,9.61206666134122
15427,7.48045554542989
15428,6.18022618959295
15429,5.86755653509906
15430,5.69399062994721
15431,5.63664837393211
15432,157.170051532085
15433,70.9222590246894
15434,54.0755763689713
15435,49.330363977717
15436,12.8293907847076
15437,70.9222590246894
15438,49.330363977717
15439,12.8293907847076
15440,11.8174684295913
15441,9.40136273201379
15442,22.6260297941708
15443,12.7474339428441
15444,6.72379638454855
15445,4.74990282488053
15446,3.51020060132022
15447,3.22218849512528
15448,3.12011612612803
15449,3.04623188666699
15450,23.6677719159234
15451,13.4730713844553
15452,7.35431232085649
15453,5.33720752530982
15454,4.07969190527036
15455,3.77259940659973
15456,3.64246097809706
15457,3.58003058385868
15458,23.6677719159234
15459,13.4730713844553
15460,7.35431232085649
15461,5.33720752530982
15462,4.07969190527036
15463,3.77259940659973
15464,3.64246097809706
15465,3.58003058385868
15466,23.6677719159234
15467,13.4730713844553
15468,7.35431232085649
15469,5.33720752530982
15470,4.07969190527036
15471,3.77259940659973
15472,3.64246097809706
15473,3.58003058385868
15474,14.8256075446303
15475,6.62569429925502
15476,15.1422218422848
15477,4.2813892623407
15478,13.249896875282
15479,27.9772219264462
15480,6.30016031872196
15481,15.7787073056204
15482,27.0571020403621
15483,17.2666874393743
15484,20.5264086028685
15485,3.32332363976787
15486,4.69987641762469
15487,2.53387704040848
15488,4.69987641762469
15489,18.4937396381297
15490,21.7952547663708
15491,10.7604224844234
15492,12.5823566710196
15493,10.7478684055539
15494,25.8404510622829
15495,15.3977437247249
15496,30.574644475144
15497,31.0238241867741
15498,32.383104370604
15499,12.9532113760903
15500,14.0140759580484
15501,23.7226764364581
15502,200.770537447215
15503,200.770537447215
15504,73.7810638562773
15505,22.5948652603344
15506,55.6777849355729
15507,50.9770517809956
15508,44.6372654378833
15509,25.4080122796978
15510,53.2912618770738
15511,5.07656896125901
15512,5.09379339357069
15513,5.19479444405383
15514,5.40040605386642
15515,11.5156599225942
15516,10.7203847468755
15517,44.5490063139413
15518,45.7384637342624
15519,24.9312131415814
15520,22.2875168209009
15521,10.7203847468755
15522,17.4570048440506
15523,12.8930844515817
15524,24.5222585291227
15525,13.9833305273991
15526,7.59977034450347
15527,5.50234241257195
15528,4.19515569473415
15529,3.86186715489693
15530,3.73945024181551
15531,3.65786273756978
15532,24.5222585291227
15533,13.9833305273991
15534,7.59977034450347
15535,5.50234241257195
15536,4.19515569473415
15537,3.86186715489693
15538,3.73945024181551
15539,3.65786273756978
15540,17.1274726511753
15541,103.294291744752
15542,73.8149339075502
15543,58.4401997288773
15544,18.6852718447722
15545,18.9304177949621
15546,64.9022034015195
15547,53.4050871976735
15548,50.46008970799
15549,32.266009569161
15550,68.2180094399279
15551,3.17028553059916
15552,24.5222585291227
15553,13.9833305273991
15554,7.59977034450347
15555,5.50234241257195
15556,4.19515569473415
15557,3.86186715489693
15558,3.73945024181551
15559,3.65786273756978
15560,37.6737037834855
15561,52.7055943692081
15562,26.7234193895214
15563,16.143691754968
15564,9.61206666134122
15565,7.48045554542989
15566,6.18022618959295
15567,5.86755653509906
15568,5.69399062994721
15569,5.63664837393211
15570,26.7234193895214
15571,16.143691754968
15572,9.61206666134122
15573,7.48045554542989
15574,6.18022618959295
15575,5.86755653509906
15576,5.69399062994721
15577,5.63664837393211
15578,26.7234193895214
15579,16.143691754968
15580,9.61206666134122
15581,7.48045554542989
15582,6.18022618959295
15583,5.86755653509906
15584,5.69399062994721
15585,5.63664837393211
15586,26.7234193895214
15587,16.143691754968
15588,9.61206666134122
15589,7.48045554542989
15590,6.18022618959295
15591,5.86755653509906
15592,5.69399062994721
15593,5.63664837393211
15594,26.7234193895214
15595,16.143691754968
15596,9.61206666134122
15597,7.48045554542989
15598,6.18022618959295
15599,5.86755653509906
15600,5.69399062994721
15601,5.63664837393211
15602,26.7234193895214
15603,16.143691754968
15604,9.61206666134122
15605,7.48045554542989
15606,6.18022618959295
15607,5.86755653509906
15608,5.69399062994721
15609,5.63664837393211
15610,24.2901791805059
15611,13.9324834498643
15612,7.6722627363381
15613,5.61975605490777
15614,4.3507575859068
15615,4.02131456127751
15616,3.90394869362584
15617,3.83163546092023
15618,11.6069781011484
15619,21.5402179428446
15620,11.9545178239482
15621,6.18274308853252
15622,4.28278940695766
15623,3.08655054349142
15624,2.77778804475034
15625,2.67345061970601
15626,2.62007477606389
15627,21.5402179428446
15628,11.9545178239482
15629,6.18274308853252
15630,4.28278940695766
15631,3.08655054349142
15632,2.77778804475034
15633,2.67345061970601
15634,2.62007477606389
15635,21.5402179428446
15636,11.9545178239482
15637,6.18274308853252
15638,4.28278940695766
15639,3.08655054349142
15640,2.77778804475034
15641,2.67345061970601
15642,2.62007477606389
15643,15.613039207882
15644,7.04686161067335
15645,7.04686161067335
15646,7.04686161067335
15647,6.34552268745773
15648,4.25809048414792
15649,5.98947502537556
15650,3.51854346078873
15651,11.9475569292745
15652,6.08615076047082
15653,5.44250959302539
15654,4.06682352185197
15655,3.23105528988728
15656,25.8703550759639
15657,12.9097996921142
15658,19.938404530179
15659,17.4140028039619
15660,17.4315917467763
15661,15.6333294900287
15662,16.5748328975141
15663,17.9969205853409
15664,27.2986260669993
15665,16.167159860552
15666,9.39981465016791
15667,7.11137620192897
15668,5.71684723234677
15669,5.38782531001299
15670,5.26453987512583
15671,5.18924691261018
15672,11.4473062338734
15673,15.0451692266531
15674,26.7234193895214
15675,16.143691754968
15676,9.61206666134122
15677,7.48045554542989
15678,6.18022618959295
15679,5.86755653509906
15680,5.69399062994721
15681,5.63664837393211
15682,25.2201043167176
15683,15.4124761300228
15684,9.58431023381071
15685,7.61884995742333
15686,6.29160034911094
15687,6.05894376834789
15688,5.8604709587276
15689,5.75719041473762
15690,25.2201043167176
15691,15.4124761300228
15692,9.58431023381071
15693,7.61884995742333
15694,6.29160034911094
15695,6.05894376834789
15696,5.8604709587276
15697,5.75719041473762
15698,18.5931371183612
15699,9.94952709279199
15700,24.5222585291227
15701,13.9833305273991
15702,7.59977034450347
15703,5.50234241257195
15704,4.19515569473415
15705,3.86186715489693
15706,3.73945024181551
15707,3.65786273756978
15708,26.8777175576978
15709,24.5222585291227
15710,13.9833305273991
15711,7.59977034450347
15712,5.50234241257195
15713,4.19515569473415
15714,3.86186715489693
15715,3.73945024181551
15716,3.65786273756978
15717,3.25320151949733
15718,6.22627611765347
15719,6.22627611765347
15720,8.95859051804065
15721,61.061344004748
15722,32.4878409777692
15723,30.5022864153646
15724,24.3414257204804
15725,26.7234193895214
15726,16.143691754968
15727,9.61206666134122
15728,7.48045554542989
15729,6.18022618959295
15730,5.86755653509906
15731,5.69399062994721
15732,5.63664837393211
15733,26.7234193895214
15734,16.143691754968
15735,9.61206666134122
15736,7.48045554542989
15737,6.18022618959295
15738,5.86755653509906
15739,5.69399062994721
15740,5.63664837393211
15741,23.6677719159234
15742,13.4730713844553
15743,7.35431232085649
15744,5.33720752530982
15745,4.07969190527036
15746,3.77259940659973
15747,3.64246097809706
15748,3.58003058385868
15749,2.66087178411858
15750,34.9579215003967
15751,51.512627352152
15752,10.4770322802312
15753,9.70682115577108
15754,9.53080456292852
15755,12.1097232258656
15756,17.1274726511753
15757,4.40033383750747
15758,2.17561599254454
15759,4.40033383750747
15760,2.17561599254454
15761,4.742532777118
15762,4.15453746738104
15763,5.08039318211908
15764,2.81939777701728
15765,6.99923758041762
15766,7.23860082583171
15767,6.82790347853826
15768,5.56912719422183
15769,2.83722648767245
15770,4.35264904042949
15771,2.23231823777218
15772,24.8924328251303
15773,10.9803875995812
15774,9.6915686951653
15775,12.1328537916882
15776,3.18758542914228
15777,6.59384714640409
15778,6.59706603807751
15779,4.49589486439078
15780,4.56865096118233
15781,2.86109195685529
15782,4.40033383750747
15783,2.17561599254454
15784,5.38383930565443
15785,18.8709560956246
15786,35.1336966125957
15787,17.1274726511753
15788,4.61042241446892
15789,4.89473327597376
15790,4.61042241446892
15791,26.7625920371518
15792,16.3280093389551
15793,9.90101577682484
15794,7.82957552535974
15795,6.56163338935624
15796,6.23742822821277
15797,6.09933455967468
15798,6.01375526676025
15799,6.00326504786605
15800,5.53431434750942
15801,5.53431434750942
15802,4.24672735936969
15803,5.53431434750942
15804,12.9256617373879
15805,11.9899183258116
15806,31.7295692521428
15807,31.7295692521428
15808,3.4157326239774
15809,26.7234193895214
15810,16.143691754968
15811,9.61206666134122
15812,7.48045554542989
15813,6.18022618959295
15814,5.86755653509906
15815,5.69399062994721
15816,5.63664837393211
15817,26.7234193895214
15818,16.143691754968
15819,9.61206666134122
15820,7.48045554542989
15821,6.18022618959295
15822,5.86755653509906
15823,5.69399062994721
15824,5.63664837393211
15825,80.0651630220199
15826,30.9063293388948
15827,14.8377968655291
15828,6.01112382588375
15829,5.18525980445184
15830,4.33208287847872
15831,32.7830581708458
15832,8.77647849965241
15833,3.42578958264392
15834,33.8433513512218
15835,3.25320151949733
15836,3.25320151949733
15837,3.27151183008976
15838,23.3540588350813
15839,68.8522532735309
15840,21.3811753792446
15841,30.9288694042607
15842,7.43279889034313
15843,3.10423198664103
15844,17.7522956630902
15845,7.58500172933274
15846,6.33564982007001
15847,26.7234193895214
15848,16.143691754968
15849,9.61206666134122
15850,7.48045554542989
15851,6.18022618959295
15852,5.86755653509906
15853,5.69399062994721
15854,5.63664837393211
15855,4.11913901486942
15856,4.27395863340073
15857,16.4959458087682
15858,9.5057103854627
15859,6.93728496842825
15860,4.11913901486942
15861,4.48160755953116
15862,4.79802653368185
15863,36.8947567142346
15864,19.3905191136731
15865,13.5129560181192
15866,12.6330094707473
15867,4.62307253218753
15868,4.59194748113675
15869,10.4848941611999
15870,4.11913901486942
15871,15.1991412888132
15872,30.9288694042607
15873,7.43279889034313
15874,3.10423198664103
15875,70.9222590246894
15876,49.330363977717
15877,12.8293907847076
15878,11.8174684295913
15879,9.40136273201379
15880,27.334342327033
15881,19.0736506100587
15882,16.846926027954
15883,11.3639087389532
15884,10.3778804361151
15885,22.4681992653841
15886,16.227583923461
15887,10.2577177122945
15888,9.32996039142773
15889,9.01930087166741
15890,11.8032109927738
15891,11.8032109927738
15892,26.8549478051095
15893,24.2901791805059
15894,13.9324834498643
15895,7.6722627363381
15896,5.61975605490777
15897,4.3507575859068
15898,4.02131456127751
15899,3.90394869362584
15900,3.83163546092023
15901,24.2901791805059
15902,13.9324834498643
15903,7.6722627363381
15904,5.61975605490777
15905,4.3507575859068
15906,4.02131456127751
15907,3.90394869362584
15908,3.83163546092023
15909,24.2901791805059
15910,13.9324834498643
15911,7.6722627363381
15912,5.61975605490777
15913,4.3507575859068
15914,4.02131456127751
15915,3.90394869362584
15916,3.83163546092023
15917,24.2901791805059
15918,13.9324834498643
15919,7.6722627363381
15920,5.61975605490777
15921,4.3507575859068
15922,4.02131456127751
15923,3.90394869362584
15924,3.83163546092023
15925,24.2901791805059
15926,13.9324834498643
15927,7.6722627363381
15928,5.61975605490777
15929,4.3507575859068
15930,4.02131456127751
15931,3.90394869362584
15932,3.83163546092023
15933,24.2901791805059
15934,13.9324834498643
15935,7.6722627363381
15936,5.61975605490777
15937,4.3507575859068
15938,4.02131456127751
15939,3.90394869362584
15940,3.83163546092023
15941,24.2901791805059
15942,13.9324834498643
15943,7.6722627363381
15944,5.61975605490777
15945,4.3507575859068
15946,4.02131456127751
15947,3.90394869362584
15948,3.83163546092023
15949,24.2901791805059
15950,13.9324834498643
15951,7.6722627363381
15952,5.61975605490777
15953,4.3507575859068
15954,4.02131456127751
15955,3.90394869362584
15956,3.83163546092023
15957,42.6142126293488
15958,7.84424224385415
15959,11.3651294009856
15960,20.8114582390922
15961,6.66854674469535
15962,6.86245827583845
15963,26.7234193895214
15964,16.143691754968
15965,9.61206666134122
15966,7.48045554542989
15967,6.18022618959295
15968,5.86755653509906
15969,5.69399062994721
15970,5.63664837393211
15971,7.23738426571479
15972,7.23738426571479
15973,22.2492654243235
15974,2.63927227369949
15975,19.149849343839
15976,10.760059404468
15977,10.5170177360239
15978,6.12455605988962
15979,8.08344422955448
15980,14.1432025825587
15981,14.1432025825587
15982,79.8856378910801
15983,7.6571992402404
15984,61.4905986729346
15985,22.0619764183253
15986,21.9557369259343
15987,15.3705434626171
15988,109.549533233354
15989,24.7890607757282
15990,25.3142176904831
15991,18.1541752214983
15992,19.4192296385735
15993,14.6918822935678
15994,14.6918822935678
15995,7.28661153356135
15996,11.0418250091074
15997,28.2587630722901
15998,33.6262055481354
15999,15.950748060584
16000,11.019721553718
16001,17.0679684466073
16002,10.7415703501615
16003,3.25320151949733
16004,13.0755720236259
16005,2.13822254313052
16006,10.3917861199364
16007,31.9885807334916
16008,4.33964546687253
16009,3.96077052780831
16010,5.66805973797507
16011,6.7706481648457
16012,3.9355625833822
16013,4.36152246647748
16014,3.22768694054212
16015,20.2550040984587
16016,27.9772219264462
16017,6.33586362461507
16018,26.7625920371518
16019,16.3280093389551
16020,9.90101577682484
16021,7.82957552535974
16022,6.56163338935624
16023,6.23742822821277
16024,6.09933455967468
16025,6.01375526676025
16026,3.25320151949733
16027,5.53431434750942
16028,6.90439728648211
16029,1.76345901285126
16030,4.29917652906602
16031,8.43062908187035
16032,3.27526784430392
16033,4.24027443743384
16034,103.294291744752
16035,3.98635215475243
16036,9.56209492066494
16037,8.40354548434455
16038,6.61354781072446
16039,31.2996469957064
16040,20.6374241596777
16041,14.2852767814919
16042,10.8521917385016
16043,3.49154982903585
16044,7.84424224385415
16045,7.84424224385415
16046,19.225134876254
16047,26.0326555395852
16048,7.60324379795758
16049,6.8352597925095
16050,7.62160675388073
16051,5.72723398212446
16052,4.79305933757225
16053,4.52733008651624
16054,9.78792327372573
16055,8.24563941737988
16056,26.7625920371518
16057,16.3280093389551
16058,9.90101577682484
16059,7.82957552535974
16060,6.56163338935624
16061,6.23742822821277
16062,6.09933455967468
16063,6.01375526676025
16064,17.1274726511753
16065,5.06861847067334
16066,22.8298313762177
16067,8.59614824317773
16068,18.0025763854058
16069,12.3983149730683
16070,13.9602644996281
16071,10.0363990696795
16072,24.5509673523687
16073,15.4974591454627
16074,12.7639514727444
16075,11.4490970942706
16076,12.1955120954654
16077,68.217709094056
16078,41.7089407597176
16079,32.1652191251281
16080,32.8665331658092
16081,21.7480539784223
16082,28.5148025729623
16083,8.95578967024121
16084,24.5995146278824
16085,26.061278097035
16086,10.2914504528383
16087,8.55953684824759
16088,8.13823552011123
16089,5.98730390748178
16090,9.96618578030729
16091,5.92306572170151
16092,7.78898259959033
16093,25.2506675210458
16094,13.6341040029264
16095,50.6199889041032
16096,15.5170698971495
16097,10.9444102150972
16098,10.3722687023105
16099,8.66102279037293
16100,78.8052736853971
16101,67.3648923687587
16102,58.7526794077021
16103,43.1525593486061
16104,14.0256025494386
16105,7.89491309382077
16106,26.7625920371518
16107,16.3280093389551
16108,9.90101577682484
16109,7.82957552535974
16110,6.56163338935624
16111,6.23742822821277
16112,6.09933455967468
16113,6.01375526676025
16114,8.52401027454154
16115,3.32312999354982
16116,3.72587148233855
16117,82.8749574079095
16118,4.88573785697902
16119,4.74358959601764
16120,5.7237351013451
16121,19.0827832669943
16122,34.2895751621231
16123,13.4426528838626
16124,68.9620989165069
16125,37.8238676137672
16126,3.54183877279931
16127,16.7433112165587
16128,15.166957809147
16129,10.2635590956595
16130,6.0003743888654
16131,6.68307300413538
16132,26.0972219308479
16133,9.44979336065932
16134,28.3451095340793
16135,14.8420408110361
16136,13.9265863066152
16137,10.5147356360338
16138,7.09032155855716
16139,7.41706437945376
16140,26.7234193895214
16141,16.143691754968
16142,9.61206666134122
16143,7.48045554542989
16144,6.18022618959295
16145,5.86755653509906
16146,5.69399062994721
16147,5.63664837393211
16148,7.9678945469559
16149,7.9678945469559
16150,26.7625920371518
16151,16.3280093389551
16152,9.90101577682484
16153,7.82957552535974
16154,6.56163338935624
16155,6.23742822821277
16156,6.09933455967468
16157,6.01375526676025
16158,11.5687045680521
16159,6.83980031835461
16160,80.0651630220199
16161,24.0350730478665
16162,14.0808421758205
16163,8.18292367356611
16164,6.20423437449385
16165,5.03515806242805
16166,4.69198151300736
16167,4.50938557795379
16168,6.72550717048071
16169,7.84424224385415
16170,7.84424224385415
16171,7.84424224385415
16172,26.7234193895214
16173,16.143691754968
16174,9.61206666134122
16175,7.48045554542989
16176,6.18022618959295
16177,5.86755653509906
16178,5.69399062994721
16179,5.63664837393211
16180,23.6677719159234
16181,13.4730713844553
16182,7.35431232085649
16183,5.33720752530982
16184,4.07969190527036
16185,3.77259940659973
16186,3.64246097809706
16187,3.58003058385868
16188,23.6677719159234
16189,13.4730713844553
16190,7.35431232085649
16191,5.33720752530982
16192,4.07969190527036
16193,3.77259940659973
16194,3.64246097809706
16195,3.58003058385868
16196,23.6677719159234
16197,13.4730713844553
16198,7.35431232085649
16199,5.33720752530982
16200,4.07969190527036
16201,3.77259940659973
16202,3.64246097809706
16203,3.58003058385868
16204,24.5222585291227
16205,13.9833305273991
16206,7.59977034450347
16207,5.50234241257195
16208,4.19515569473415
16209,3.86186715489693
16210,3.73945024181551
16211,3.65786273756978
16212,6.55157196778289
16213,13.1865160038221
16214,9.14463816891858
16215,31.5306739128912
16216,7.47655803600026
16217,3.05167103757076
16218,23.6677719159234
16219,13.4730713844553
16220,7.35431232085649
16221,5.33720752530982
16222,4.07969190527036
16223,3.77259940659973
16224,3.64246097809706
16225,3.58003058385868
16226,2.62233354979253
16227,2.62233354979253
16228,4.71104013769337
16229,3.28976619412661
16230,26.7625920371518
16231,16.3280093389551
16232,9.90101577682484
16233,7.82957552535974
16234,6.56163338935624
16235,6.23742822821277
16236,6.09933455967468
16237,6.01375526676025
16238,3.44298171165907
16239,4.73272094846873
16240,4.86564883520451
16241,4.19109748704174
16242,12.4561795239446
16243,13.0527813156636
16244,21.238835080334
16245,9.45114964046215
16246,5.71534306630071
16247,16.5949476079844
16248,10.6070587142808
16249,93.2811148659798
16250,11.019721553718
16251,26.7234193895214
16252,16.143691754968
16253,9.61206666134122
16254,7.48045554542989
16255,6.18022618959295
16256,5.86755653509906
16257,5.69399062994721
16258,5.63664837393211
16259,26.7234193895214
16260,16.143691754968
16261,9.61206666134122
16262,7.48045554542989
16263,6.18022618959295
16264,5.86755653509906
16265,5.69399062994721
16266,5.63664837393211
16267,15.8381505093542
16268,6.30627515179555
16269,6.4622388306732
16270,6.99001972978366
16271,11.9688141242162
16272,5.07770603660158
16273,27.8641931978442
16274,15.0376010284875
16275,6.75392356186923
16276,6.32787708129163
16277,6.32787708129163
16278,26.7234193895214
16279,16.143691754968
16280,9.61206666134122
16281,7.48045554542989
16282,6.18022618959295
16283,5.86755653509906
16284,5.69399062994721
16285,5.63664837393211
16286,4.25809048414792
16287,3.25320151949733
16288,32.6398277674027
16289,7.27636579888902
16290,2.93806311331063
16291,4.25809048414792
16292,3.61848229662747
16293,5.65818672635154
16294,6.25241267235286
16295,8.87943850925754
16296,20.3345057671598
16297,1.58543841096293
16298,1.58543841096293
16299,80.0651630220199
16300,80.0651630220199
16301,15.4765226902764
16302,18.1267614773946
16303,45.0363673780771
16304,41.5235381407703
16305,35.7520604202367
16306,12.6092979362267
16307,16.5949476079844
16308,17.848210185843
16309,17.848210185843
16310,31.2057134966498
16311,8.15912027718334
16312,32.918546888161
16313,20.5800399787304
16314,21.4012184080373
16315,6.34389271893131
16316,6.59126743771532
16317,8.8651664104081
16318,11.832967000187
16319,62.5790340042052
16320,33.6262055481354
16321,24.4118580688673
16322,11.8329024042065
16323,10.5706982014386
16324,3.25320151949733
16325,3.25320151949733
16326,3.25320151949733
16327,67.5743611470462
16328,11.4169683009919
16329,135.352226659907
16330,39.8507959780081
16331,7.83596778428602
16332,27.2550172232974
16333,24.3333492876715
16334,23.8482426896362
16335,13.7313350436597
16336,7.55773398534525
16337,5.47934683077432
16338,4.18778816245127
16339,3.95128486365538
16340,3.79182403621529
16341,3.68452754495009
16342,3.9169491658882
16343,6.61259060456877
16344,23.8033916268552
16345,26.7234193895214
16346,16.143691754968
16347,9.61206666134122
16348,7.48045554542989
16349,6.18022618959295
16350,5.86755653509906
16351,5.69399062994721
16352,5.63664837393211
16353,23.6677719159234
16354,13.4730713844553
16355,7.35431232085649
16356,5.33720752530982
16357,4.07969190527036
16358,3.77259940659973
16359,3.64246097809706
16360,3.58003058385868
16361,26.7234193895214
16362,16.143691754968
16363,9.61206666134122
16364,7.48045554542989
16365,6.18022618959295
16366,5.86755653509906
16367,5.69399062994721
16368,5.63664837393211
16369,11.5286978474349
16370,24.5222585291227
16371,13.9833305273991
16372,7.59977034450347
16373,5.50234241257195
16374,4.19515569473415
16375,3.86186715489693
16376,3.73945024181551
16377,3.65786273756978
16378,4.8886320814165
16379,6.29421404579481
16380,8.26191176871922
16381,17.7730057959431
16382,5.80889655562461
16383,3.88373824219727
16384,26.7625920371518
16385,16.3280093389551
16386,9.90101577682484
16387,7.82957552535974
16388,6.56163338935624
16389,6.23742822821277
16390,6.09933455967468
16391,6.01375526676025
16392,11.6559991460404
16393,2.96397634589561
16394,10.3917861199364
16395,24.9786747396679
16396,10.4923551249852
16397,26.7625920371518
16398,16.3280093389551
16399,9.90101577682484
16400,7.82957552535974
16401,6.56163338935624
16402,6.23742822821277
16403,6.09933455967468
16404,6.01375526676025
16405,23.6677719159234
16406,13.4730713844553
16407,7.35431232085649
16408,5.33720752530982
16409,4.07969190527036
16410,3.77259940659973
16411,3.64246097809706
16412,3.58003058385868
16413,44.2502156393502
16414,22.8472739206518
16415,16.9411521328234
16416,12.1532104850517
16417,3.50098474675034
16418,24.9312727839081
16419,14.7965696982208
16420,8.61314107229092
16421,6.5010448233443
16422,5.40487726974653
16423,5.1706635806028
16424,5.05211816680521
16425,4.9991496100726
16426,3.9169491658882
16427,3.88903979850045
16428,47.9297100881476
16429,13.2135520035319
16430,12.3246386089998
16431,9.20410206659295
16432,8.32655377437875
16433,23.6677719159234
16434,13.4730713844553
16435,7.35431232085649
16436,5.33720752530982
16437,4.07969190527036
16438,3.77259940659973
16439,3.64246097809706
16440,3.58003058385868
16441,24.5222585291227
16442,13.9833305273991
16443,7.59977034450347
16444,5.50234241257195
16445,4.19515569473415
16446,3.86186715489693
16447,3.73945024181551
16448,3.65786273756978
16449,26.7234193895214
16450,16.143691754968
16451,9.61206666134122
16452,7.48045554542989
16453,6.18022618959295
16454,5.86755653509906
16455,5.69399062994721
16456,5.63664837393211
16457,7.22960988888413
16458,4.84387996662935
16459,6.43575233393518
16460,34.6886696578889
16461,26.7625920371518
16462,16.3280093389551
16463,9.90101577682484
16464,7.82957552535974
16465,6.56163338935624
16466,6.23742822821277
16467,6.09933455967468
16468,6.01375526676025
16469,26.7625920371518
16470,16.3280093389551
16471,9.90101577682484
16472,7.82957552535974
16473,6.56163338935624
16474,6.23742822821277
16475,6.09933455967468
16476,6.01375526676025
16477,5.53431434750942
16478,3.9169491658882
16479,26.7709145157137
16480,14.4437215608371
16481,8.89173275110402
16482,3.25320151949733
16483,3.06305587484904
16484,11.8799771630112
16485,58.2757620821592
16486,3.47673716886542
16487,31.791892684212
16488,8.19424501155833
16489,3.04681334659749
16490,14.9595804048201
16491,9.32033716717829
16492,89.8615063560271
16493,25.8066180527733
16494,2.34794871157052
16495,4.53250789312811
16496,33.7382703809942
16497,8.89067102779568
16498,4.56023455235034
16499,6.32787708129163
16500,6.32787708129163
16501,13.1165810225242
16502,25.5807156873422
16503,12.6133354823564
16504,11.9111617469706
16505,10.5379319709723
16506,6.32315749839181
16507,62.1339306497871
16508,13.1523485581979
16509,23.6677719159234
16510,13.4730713844553
16511,7.35431232085649
16512,5.33720752530982
16513,4.07969190527036
16514,3.77259940659973
16515,3.64246097809706
16516,3.58003058385868
16517,16.4010485916367
16518,26.7234193895214
16519,16.143691754968
16520,9.61206666134122
16521,7.48045554542989
16522,6.18022618959295
16523,5.86755653509906
16524,5.69399062994721
16525,5.63664837393211
16526,26.7625920371518
16527,16.3280093389551
16528,9.90101577682484
16529,7.82957552535974
16530,6.56163338935624
16531,6.23742822821277
16532,6.09933455967468
16533,6.01375526676025
16534,26.7625920371518
16535,16.3280093389551
16536,9.90101577682484
16537,7.82957552535974
16538,6.56163338935624
16539,6.23742822821277
16540,6.09933455967468
16541,6.01375526676025
16542,51.2462148486955
16543,77.4952231457156
16544,8.34060587858795
16545,26.9068100414801
16546,26.3740026012915
16547,31.6585390365784
16548,6.99165240588769
16549,2.31380089074325
16550,48.172731048456
16551,10.5683089779673
16552,6.03791642626096
16553,5.07882444850448
16554,4.75593036812465
16555,4.6264757304617
16556,13.5726686714196
16557,5.18172852651081
16558,4.9583142329305
16559,4.80953791925385
16560,4.69479249875936
16561,11.1910631078015
16562,6.08857438322807
16563,5.12120618162836
16564,4.74029883056186
16565,4.60930016336988
16566,10.1864627201298
16567,6.28742141493146
16568,5.3786272767034
16569,4.0298951720147
16570,8.20654728676156
16571,5.23149280399316
16572,4.41383733413157
16573,4.21498860373512
16574,4.15234783372553
16575,12.9389477756203
16576,6.0659889212442
16577,4.92431867748844
16578,4.66243998551629
16579,4.53917904352446
16580,12.9389477756203
16581,6.0659889212442
16582,4.92431867748844
16583,4.66243998551629
16584,4.53917904352446
16585,11.1910631078015
16586,6.08857438322807
16587,5.12120618162836
16588,4.74029883056186
16589,4.60930016336988
16590,16.8795228992529
16591,5.94232978150655
16592,6.15089593863456
16593,5.8094109053396
16594,5.79349549955579
16595,10.5683089779673
16596,6.03791642626096
16597,5.07882444850448
16598,4.75593036812465
16599,4.6264757304617
16600,8.00103688727627
16601,5.15508355749988
16602,4.25072277032345
16603,4.08114444063282
16604,3.98101511584404
16605,11.1910631078015
16606,6.08857438322807
16607,5.12120618162836
16608,4.74029883056186
16609,4.60930016336988
16610,7.71611851774659
16611,4.94634882934812
16612,4.0435436919158
16613,3.86629086543924
16614,3.75582017008099
16615,12.9389477756203
16616,6.0659889212442
16617,4.92431867748844
16618,4.66243998551629
16619,4.53917904352446
16620,13.2751126270242
16621,8.16872197734648
16622,7.78745298548871
16623,14.4274013547329
16624,10.13718218168
16625,8.85376408828074
16626,8.00103688727627
16627,5.15508355749988
16628,4.25072277032345
16629,4.08114444063282
16630,3.98101511584404
16631,7.71562086498947
16632,4.84220631579928
16633,4.07270007130483
16634,4.04258069757282
16635,3.94615103692297
16636,12.9389477756203
16637,6.0659889212442
16638,4.92431867748844
16639,4.66243998551629
16640,4.53917904352446
16641,12.9389477756203
16642,6.0659889212442
16643,4.92431867748844
16644,4.66243998551629
16645,4.53917904352446
16646,7.70810866747476
16647,5.06177691569242
16648,4.34600644931229
16649,4.17038501055549
16650,4.11328492995009
16651,7.71611851774659
16652,4.94634882934812
16653,4.0435436919158
16654,3.86629086543924
16655,3.75582017008099
16656,28.9190598221323
16657,7.92786771712038
16658,6.69120712726557
16659,4.93229375735093
16660,4.5279574039456
16661,7.71562086498947
16662,4.84220631579928
16663,4.07270007130483
16664,4.04258069757282
16665,3.94615103692297
16666,8.00103688727627
16667,5.15508355749988
16668,4.25072277032345
16669,4.08114444063282
16670,3.98101511584404
16671,24.2901791805059
16672,13.9324834498643
16673,7.6722627363381
16674,5.61975605490777
16675,4.3507575859068
16676,4.02131456127751
16677,3.90394869362584
16678,3.83163546092023
16679,26.7234193895214
16680,16.143691754968
16681,9.61206666134122
16682,7.48045554542989
16683,6.18022618959295
16684,5.86755653509906
16685,5.69399062994721
16686,5.63664837393211
16687,3.25320151949733
16688,71.6969467829196
16689,26.7625920371518
16690,16.3280093389551
16691,9.90101577682484
16692,7.82957552535974
16693,6.56163338935624
16694,6.23742822821277
16695,6.09933455967468
16696,6.01375526676025
16697,14.9136875070644
16698,38.5736258585063
16699,34.4211285067814
16700,26.7625920371518
16701,16.3280093389551
16702,9.90101577682484
16703,7.82957552535974
16704,6.56163338935624
16705,6.23742822821277
16706,6.09933455967468
16707,6.01375526676025
16708,26.7625920371518
16709,16.3280093389551
16710,9.90101577682484
16711,7.82957552535974
16712,6.56163338935624
16713,6.23742822821277
16714,6.09933455967468
16715,6.01375526676025
16716,8.89173275110402
16717,28.730904190551
16718,3.44298171165907
16719,32.1214506377065
16720,22.4601186153879
16721,19.6398448532355
16722,11.8775543475237
16723,10.7148914082862
16724,38.8625489655567
16725,23.7087709606744
16726,21.9973638604352
16727,21.8584848844951
16728,13.6687825675893
16729,11.1151059538139
16730,10.0836527461484
16731,8.57384782098316
16732,8.81563403300029
16733,7.94914704715949
16734,20.5714520717053
16735,33.7382703809942
16736,8.89067102779568
16737,4.56023455235034
16738,28.3283220541724
16739,28.2351486272358
16740,25.2201043167176
16741,15.4124761300228
16742,9.58431023381071
16743,7.61884995742333
16744,6.29160034911094
16745,6.05894376834789
16746,5.8604709587276
16747,5.75719041473762
16748,9.3745450475192
16749,3.72587148233855
16750,95.4755246335194
16751,25.2201043167176
16752,15.4124761300228
16753,9.58431023381071
16754,7.61884995742333
16755,6.29160034911094
16756,6.05894376834789
16757,5.8604709587276
16758,5.75719041473762
16759,25.2201043167176
16760,15.4124761300228
16761,9.58431023381071
16762,7.61884995742333
16763,6.29160034911094
16764,6.05894376834789
16765,5.8604709587276
16766,5.75719041473762
16767,29.9353597480567
16768,23.6677719159234
16769,13.4730713844553
16770,7.35431232085649
16771,5.33720752530982
16772,4.07969190527036
16773,3.77259940659973
16774,3.64246097809706
16775,3.58003058385868
16776,13.6183345182978
16777,13.6183345182978
16778,13.6183345182978
16779,24.2399224904079
16780,62.1339306497871
16781,26.7234193895214
16782,16.143691754968
16783,9.61206666134122
16784,7.48045554542989
16785,6.18022618959295
16786,5.86755653509906
16787,5.69399062994721
16788,5.63664837393211
16789,26.7234193895214
16790,16.143691754968
16791,9.61206666134122
16792,7.48045554542989
16793,6.18022618959295
16794,5.86755653509906
16795,5.69399062994721
16796,5.63664837393211
16797,26.7234193895214
16798,16.143691754968
16799,9.61206666134122
16800,7.48045554542989
16801,6.18022618959295
16802,5.86755653509906
16803,5.69399062994721
16804,5.63664837393211
16805,26.7625920371518
16806,16.3280093389551
16807,9.90101577682484
16808,7.82957552535974
16809,6.56163338935624
16810,6.23742822821277
16811,6.09933455967468
16812,6.01375526676025
16813,26.7234193895214
16814,16.143691754968
16815,9.61206666134122
16816,7.48045554542989
16817,6.18022618959295
16818,5.86755653509906
16819,5.69399062994721
16820,5.63664837393211
16821,26.7234193895214
16822,16.143691754968
16823,9.61206666134122
16824,7.48045554542989
16825,6.18022618959295
16826,5.86755653509906
16827,5.69399062994721
16828,5.63664837393211
16829,21.1701098635485
16830,11.6247263107491
16831,5.84383444123479
16832,3.88402311719144
16833,2.60454778583514
16834,2.32090883266896
16835,2.22538506334598
16836,2.1837670490029
16837,170.186093321389
16838,87.7366718042023
16839,47.8348231259586
16840,44.7748375078792
16841,40.1105268742931
16842,24.0350730478665
16843,14.0808421758205
16844,8.18292367356611
16845,6.20423437449385
16846,5.03515806242805
16847,4.69198151300736
16848,4.50938557795379
16849,23.6677719159234
16850,13.4730713844553
16851,7.35431232085649
16852,5.33720752530982
16853,4.07969190527036
16854,3.77259940659973
16855,3.64246097809706
16856,3.58003058385868
16857,26.7234193895214
16858,16.143691754968
16859,9.61206666134122
16860,7.48045554542989
16861,6.18022618959295
16862,5.86755653509906
16863,5.69399062994721
16864,5.63664837393211
16865,26.7625920371518
16866,16.3280093389551
16867,9.90101577682484
16868,7.82957552535974
16869,6.56163338935624
16870,6.23742822821277
16871,6.09933455967468
16872,6.01375526676025
16873,21.5402179428446
16874,11.9545178239482
16875,6.18274308853252
16876,4.28278940695766
16877,3.08655054349142
16878,2.77778804475034
16879,2.67345061970601
16880,2.62007477606389
16881,23.6677719159234
16882,13.4730713844553
16883,7.35431232085649
16884,5.33720752530982
16885,4.07969190527036
16886,3.77259940659973
16887,3.64246097809706
16888,3.58003058385868
16889,24.5222585291227
16890,13.9833305273991
16891,7.59977034450347
16892,5.50234241257195
16893,4.19515569473415
16894,3.86186715489693
16895,3.73945024181551
16896,3.65786273756978
16897,23.8482426896362
16898,13.7313350436597
16899,7.55773398534525
16900,5.47934683077432
16901,4.18778816245127
16902,3.95128486365538
16903,3.79182403621529
16904,3.68452754495009
16905,23.6677719159234
16906,13.4730713844553
16907,7.35431232085649
16908,5.33720752530982
16909,4.07969190527036
16910,3.77259940659973
16911,3.64246097809706
16912,3.58003058385868
16913,35.0735822156604
16914,23.6677719159234
16915,13.4730713844553
16916,7.35431232085649
16917,5.33720752530982
16918,4.07969190527036
16919,3.77259940659973
16920,3.64246097809706
16921,3.58003058385868
16922,26.7625920371518
16923,16.3280093389551
16924,9.90101577682484
16925,7.82957552535974
16926,6.56163338935624
16927,6.23742822821277
16928,6.09933455967468
16929,6.01375526676025
16930,26.7625920371518
16931,16.3280093389551
16932,9.90101577682484
16933,7.82957552535974
16934,6.56163338935624
16935,6.23742822821277
16936,6.09933455967468
16937,6.01375526676025
16938,22.1616725593327
16939,12.6121259931927
16940,12.2937619717963
16941,13.9888367104278
16942,11.6896719682596
16943,15.2339857629131
16944,9.9389394179556
16945,22.6260297941708
16946,12.7474339428441
16947,6.72379638454855
16948,4.74990282488053
16949,3.51020060132022
16950,3.22218849512528
16951,3.12011612612803
16952,3.04623188666699
16953,23.6677719159234
16954,13.4730713844553
16955,7.35431232085649
16956,5.33720752530982
16957,4.07969190527036
16958,3.77259940659973
16959,3.64246097809706
16960,3.58003058385868
16961,4.8338009709651
16962,25.7000947494998
16963,15.3065114823893
16964,8.99500563033206
16965,7.02496363345402
16966,5.83566371401452
16967,5.51602145104554
16968,5.43701101735357
16969,5.35693514863066
16970,12.4924825124022
16971,12.5036443130098
16972,7.87626001062874
16973,26.5239923249163
16974,13.3448236055505
16975,9.84275809493074
16976,9.69829788990094
16977,24.4108387986884
16978,36.8666812923486
16979,30.7657652530362
16980,30.4961956116932
16981,23.3164780837495
16982,23.5601935180444
16983,18.3464658581055
16984,28.8344047761362
16985,24.164440356022
16986,16.2052070544121
16987,15.2272737543528
16988,9.55052246306343
16989,15.7340431963416
16990,14.7686386095569
16991,10.1944365789606
16992,7.44898370221532
16993,26.7625920371518
16994,16.3280093389551
16995,9.90101577682484
16996,7.82957552535974
16997,6.56163338935624
16998,6.23742822821277
16999,6.09933455967468
17000,6.01375526676025
17001,41.9318809007354
17002,37.4921041431268
17003,13.9453480026884
17004,12.7110677003157
17005,6.79105172340832
17006,6.89056822905898
17007,40.308938053011
17008,17.145664399421
17009,26.7625920371518
17010,16.3280093389551
17011,9.90101577682484
17012,7.82957552535974
17013,6.56163338935624
17014,6.23742822821277
17015,6.09933455967468
17016,6.01375526676025
17017,26.7625920371518
17018,16.3280093389551
17019,9.90101577682484
17020,7.82957552535974
17021,6.56163338935624
17022,6.23742822821277
17023,6.09933455967468
17024,6.01375526676025
17025,53.2016466887281
17026,26.7625920371518
17027,16.3280093389551
17028,9.90101577682484
17029,7.82957552535974
17030,6.56163338935624
17031,6.23742822821277
17032,6.09933455967468
17033,6.01375526676025
17034,19.7544661471948
17035,17.8679857596955
17036,40.9242066406601
17037,34.810026852169
17038,12.6823751685083
17039,5.81789819936144
17040,5.53445060368297
17041,8.23097246276218
17042,14.5024610369052
17043,26.7234193895214
17044,16.143691754968
17045,9.61206666134122
17046,7.48045554542989
17047,6.18022618959295
17048,5.86755653509906
17049,5.69399062994721
17050,5.63664837393211
17051,26.7234193895214
17052,16.143691754968
17053,9.61206666134122
17054,7.48045554542989
17055,6.18022618959295
17056,5.86755653509906
17057,5.69399062994721
17058,5.63664837393211
17059,21.4653780699028
17060,22.7782754738736
17061,53.4298755518745
17062,27.1871034870328
17063,22.5081873558475
17064,16.8467641585768
17065,10.4132050505478
17066,11.0873197927318
17067,23.6677719159234
17068,13.4730713844553
17069,7.35431232085649
17070,5.33720752530982
17071,4.07969190527036
17072,3.77259940659973
17073,3.64246097809706
17074,3.58003058385868
17075,69.2282208272057
17076,34.3047853619759
17077,17.7282804623104
17078,16.800004796081
17079,21.1259258196568
17080,11.8339960522582
17081,12.0915305961582
17082,5.69061576623658
17083,23.6417986582146
17084,18.2923234953543
17085,11.4093272345146
17086,10.8393559882077
17087,23.6677719159234
17088,13.4730713844553
17089,7.35431232085649
17090,5.33720752530982
17091,4.07969190527036
17092,3.77259940659973
17093,3.64246097809706
17094,3.58003058385868
17095,14.193328253989
17096,9.69037755671788
17097,9.28682245370398
17098,23.6677719159234
17099,13.4730713844553
17100,7.35431232085649
17101,5.33720752530982
17102,4.07969190527036
17103,3.77259940659973
17104,3.64246097809706
17105,3.58003058385868
17106,23.8482426896362
17107,13.7313350436597
17108,7.55773398534525
17109,5.47934683077432
17110,4.18778816245127
17111,3.95128486365538
17112,3.79182403621529
17113,3.68452754495009
17114,23.8482426896362
17115,13.7313350436597
17116,7.55773398534525
17117,5.47934683077432
17118,4.18778816245127
17119,3.95128486365538
17120,3.79182403621529
17121,3.68452754495009
17122,24.7018923535286
17123,14.212939018764
17124,7.99859261589267
17125,5.91103328378272
17126,4.66080260604447
17127,4.37683593489885
17128,4.25771965785903
17129,4.17605732088712
17130,21.5402179428446
17131,11.9545178239482
17132,6.18274308853252
17133,4.28278940695766
17134,3.08655054349142
17135,2.77778804475034
17136,2.67345061970601
17137,2.62007477606389
17138,21.5402179428446
17139,11.9545178239482
17140,6.18274308853252
17141,4.28278940695766
17142,3.08655054349142
17143,2.77778804475034
17144,2.67345061970601
17145,2.62007477606389
17146,21.3997683842419
17147,11.8085618428963
17148,6.03272181528933
17149,4.12991684802924
17150,2.9379857272029
17151,2.61018401235611
17152,2.48847603026307
17153,2.44162692340168
17154,22.6260297941708
17155,12.7474339428441
17156,6.72379638454855
17157,4.74990282488053
17158,3.51020060132022
17159,3.22218849512528
17160,3.12011612612803
17161,3.04623188666699
17162,22.6260297941708
17163,12.7474339428441
17164,6.72379638454855
17165,4.74990282488053
17166,3.51020060132022
17167,3.22218849512528
17168,3.12011612612803
17169,3.04623188666699
17170,22.1747283873959
17171,12.4249677571169
17172,6.57748985949333
17173,4.63815341250557
17174,3.42937039123848
17175,3.12903934548496
17176,3.02141548049434
17177,2.97478154136729
17178,22.6260297941708
17179,12.7474339428441
17180,6.72379638454855
17181,4.74990282488053
17182,3.51020060132022
17183,3.22218849512528
17184,3.12011612612803
17185,3.04623188666699
17186,23.6677719159234
17187,13.4730713844553
17188,7.35431232085649
17189,5.33720752530982
17190,4.07969190527036
17191,3.77259940659973
17192,3.64246097809706
17193,3.58003058385868
17194,24.2901791805059
17195,13.9324834498643
17196,7.6722627363381
17197,5.61975605490777
17198,4.3507575859068
17199,4.02131456127751
17200,3.90394869362584
17201,3.83163546092023
17202,21.5811054214194
17203,11.9967729811674
17204,6.22847349048808
17205,4.30188163378876
17206,3.07602197508895
17207,2.77246088880403
17208,2.68412859353427
17209,2.62487021730008
17210,22.6260297941708
17211,12.7474339428441
17212,6.72379638454855
17213,4.74990282488053
17214,3.51020060132022
17215,3.22218849512528
17216,3.12011612612803
17217,3.04623188666699
17218,22.6260297941708
17219,12.7474339428441
17220,6.72379638454855
17221,4.74990282488053
17222,3.51020060132022
17223,3.22218849512528
17224,3.12011612612803
17225,3.04623188666699
17226,26.7234193895214
17227,16.143691754968
17228,9.61206666134122
17229,7.48045554542989
17230,6.18022618959295
17231,5.86755653509906
17232,5.69399062994721
17233,5.63664837393211
17234,26.7234193895214
17235,16.143691754968
17236,9.61206666134122
17237,7.48045554542989
17238,6.18022618959295
17239,5.86755653509906
17240,5.69399062994721
17241,5.63664837393211
17242,22.1747283873959
17243,12.4249677571169
17244,6.57748985949333
17245,4.63815341250557
17246,3.42937039123848
17247,3.12903934548496
17248,3.02141548049434
17249,2.97478154136729
17250,23.6677719159234
17251,13.4730713844553
17252,7.35431232085649
17253,5.33720752530982
17254,4.07969190527036
17255,3.77259940659973
17256,3.64246097809706
17257,3.58003058385868
17258,21.3556390072997
17259,11.7498768159808
17260,5.98280351570609
17261,4.08758001198021
17262,2.83751551326965
17263,2.52440856162536
17264,2.43186988074374
17265,2.38406811526705
17266,23.6677719159234
17267,13.4730713844553
17268,7.35431232085649
17269,5.33720752530982
17270,4.07969190527036
17271,3.77259940659973
17272,3.64246097809706
17273,3.58003058385868
17274,23.6677719159234
17275,13.4730713844553
17276,7.35431232085649
17277,5.33720752530982
17278,4.07969190527036
17279,3.77259940659973
17280,3.64246097809706
17281,3.58003058385868
17282,22.6260297941708
17283,12.7474339428441
17284,6.72379638454855
17285,4.74990282488053
17286,3.51020060132022
17287,3.22218849512528
17288,3.12011612612803
17289,3.04623188666699
17290,26.7234193895214
17291,16.143691754968
17292,9.61206666134122
17293,7.48045554542989
17294,6.18022618959295
17295,5.86755653509906
17296,5.69399062994721
17297,5.63664837393211
17298,22.6260297941708
17299,12.7474339428441
17300,6.72379638454855
17301,4.74990282488053
17302,3.51020060132022
17303,3.22218849512528
17304,3.12011612612803
17305,3.04623188666699
17306,21.5402179428446
17307,11.9545178239482
17308,6.18274308853252
17309,4.28278940695766
17310,3.08655054349142
17311,2.77778804475034
17312,2.67345061970601
17313,2.62007477606389
17314,21.5402179428446
17315,11.9545178239482
17316,6.18274308853252
17317,4.28278940695766
17318,3.08655054349142
17319,2.77778804475034
17320,2.67345061970601
17321,2.62007477606389
17322,22.1747283873959
17323,12.4249677571169
17324,6.57748985949333
17325,4.63815341250557
17326,3.42937039123848
17327,3.12903934548496
17328,3.02141548049434
17329,2.97478154136729
17330,22.6260297941708
17331,12.7474339428441
17332,6.72379638454855
17333,4.74990282488053
17334,3.51020060132022
17335,3.22218849512528
17336,3.12011612612803
17337,3.04623188666699
17338,21.5402179428446
17339,11.9545178239482
17340,6.18274308853252
17341,4.28278940695766
17342,3.08655054349142
17343,2.77778804475034
17344,2.67345061970601
17345,2.62007477606389
17346,22.6260297941708
17347,12.7474339428441
17348,6.72379638454855
17349,4.74990282488053
17350,3.51020060132022
17351,3.22218849512528
17352,3.12011612612803
17353,3.04623188666699
17354,22.6260297941708
17355,12.7474339428441
17356,6.72379638454855
17357,4.74990282488053
17358,3.51020060132022
17359,3.22218849512528
17360,3.12011612612803
17361,3.04623188666699
17362,21.3997683842419
17363,11.8085618428963
17364,6.03272181528933
17365,4.12991684802924
17366,2.9379857272029
17367,2.61018401235611
17368,2.48847603026307
17369,2.44162692340168
17370,21.3997683842419
17371,11.8085618428963
17372,6.03272181528933
17373,4.12991684802924
17374,2.9379857272029
17375,2.61018401235611
17376,2.48847603026307
17377,2.44162692340168
17378,23.6677719159234
17379,13.4730713844553
17380,7.35431232085649
17381,5.33720752530982
17382,4.07969190527036
17383,3.77259940659973
17384,3.64246097809706
17385,3.58003058385868
17386,22.6260297941708
17387,12.7474339428441
17388,6.72379638454855
17389,4.74990282488053
17390,3.51020060132022
17391,3.22218849512528
17392,3.12011612612803
17393,3.04623188666699
17394,23.6677719159234
17395,13.4730713844553
17396,7.35431232085649
17397,5.33720752530982
17398,4.07969190527036
17399,3.77259940659973
17400,3.64246097809706
17401,3.58003058385868
17402,22.6260297941708
17403,12.7474339428441
17404,6.72379638454855
17405,4.74990282488053
17406,3.51020060132022
17407,3.22218849512528
17408,3.12011612612803
17409,3.04623188666699
17410,22.6260297941708
17411,12.7474339428441
17412,6.72379638454855
17413,4.74990282488053
17414,3.51020060132022
17415,3.22218849512528
17416,3.12011612612803
17417,3.04623188666699
17418,24.2901791805059
17419,13.9324834498643
17420,7.6722627363381
17421,5.61975605490777
17422,4.3507575859068
17423,4.02131456127751
17424,3.90394869362584
17425,3.83163546092023
17426,22.6260297941708
17427,12.7474339428441
17428,6.72379638454855
17429,4.74990282488053
17430,3.51020060132022
17431,3.22218849512528
17432,3.12011612612803
17433,3.04623188666699
17434,21.1701098635485
17435,11.6247263107491
17436,5.84383444123479
17437,3.88402311719144
17438,2.60454778583514
17439,2.32090883266896
17440,2.22538506334598
17441,2.1837670490029
17442,22.6260297941708
17443,12.7474339428441
17444,6.72379638454855
17445,4.74990282488053
17446,3.51020060132022
17447,3.22218849512528
17448,3.12011612612803
17449,3.04623188666699
17450,122.935356164743
17451,74.3712962586454
17452,54.7142138526517
17453,33.2223060434228
17454,27.242118887206
17455,21.5402179428446
17456,11.9545178239482
17457,6.18274308853252
17458,4.28278940695766
17459,3.08655054349142
17460,2.77778804475034
17461,2.67345061970601
17462,2.62007477606389
17463,21.3997683842419
17464,11.8085618428963
17465,6.03272181528933
17466,4.12991684802924
17467,2.9379857272029
17468,2.61018401235611
17469,2.48847603026307
17470,2.44162692340168
17471,22.1747283873959
17472,12.4249677571169
17473,6.57748985949333
17474,4.63815341250557
17475,3.42937039123848
17476,3.12903934548496
17477,3.02141548049434
17478,2.97478154136729
17479,7.10993072540467
17480,22.1747283873959
17481,12.4249677571169
17482,6.57748985949333
17483,4.63815341250557
17484,3.42937039123848
17485,3.12903934548496
17486,3.02141548049434
17487,2.97478154136729
17488,2.70684247485421
17489,7.46269385640427
17490,2.44313687850574
17491,5.25948596027273
17492,3.36824046422762
17493,7.5787327062813
17494,10.6327569816812
17495,7.8636971162697
17496,27.9449853211841
17497,6.75812188296429
17498,2.63587772015508
17499,10.4895956333765
17500,6.33945743833366
17501,5.39493808027761
17502,4.52839842388044
17503,4.44073903508027
17504,4.75674508301171
17505,27.9449853211841
17506,6.75812188296429
17507,2.63587772015508
17508,4.2347876944652
17509,8.70115897665799
17510,4.08371671220818
17511,4.67293273995922
17512,3.61671272084791
17513,3.6957326449074
17514,46.9532907636097
17515,6.34389271893131
17516,7.78701737303146
17517,7.8563251225497
17518,2.81664935015236
17519,6.34389271893131
17520,5.7832742892111
17521,16.762218007427
17522,12.2409016460119
17523,6.42012677662773
17524,5.741574619145
17525,5.55514167271626
17526,21.5402179428446
17527,11.9545178239482
17528,6.18274308853252
17529,4.28278940695766
17530,3.08655054349142
17531,2.77778804475034
17532,2.67345061970601
17533,2.62007477606389
17534,9.24575015585093
17535,23.4145068815291
17536,19.3748721422448
17537,19.3666301106291
17538,11.1370228178006
17539,22.1151654974069
17540,7.39389100746144
17541,23.7638284983775
17542,56.1620313588399
17543,14.866899091181
17544,5.98505306850376
17545,2.8146020306199
17546,2.83539044899141
17547,56.3335223666033
17548,40.6352682470801
17549,16.9527996142736
17550,9.14586107830218
17551,7.54060964452172
17552,4.9990776520196
17553,2.22841220345061
17554,2.45616257836063
17555,1.5441493713522
17556,1.46964216012265
17557,1.90498061615406
17558,4.2347876944652
17559,4.2347876944652
17560,9.85254554188525
17561,11.0790993266887
17562,6.61354781072446
17563,6.34389271893131
17564,7.3169545611721
17565,56.4297820304866
17566,54.3525201878129
17567,25.1226460932075
17568,20.1655916657989
17569,6.73182961164842
17570,3.87591738574768
17571,23.6677719159234
17572,13.4730713844553
17573,7.35431232085649
17574,5.33720752530982
17575,4.07969190527036
17576,3.77259940659973
17577,3.64246097809706
17578,3.58003058385868
17579,79.8693011183416
17580,39.011828056046
17581,36.2381998221332
17582,24.5753560571917
17583,17.0580751853015
17584,12.7727840140475
17585,12.3131080369012
17586,12.1946873859784
17587,76.7748980375356
17588,46.4411160508116
17589,31.4995612608561
17590,29.0172330005179
17591,16.8573749471077
17592,2.54719074705705
17593,11.3767006671377
17594,5.72088227057513
17595,5.52291113953228
17596,21.3997683842419
17597,11.8085618428963
17598,6.03272181528933
17599,4.12991684802924
17600,2.9379857272029
17601,2.61018401235611
17602,2.48847603026307
17603,2.44162692340168
17604,46.9532907636097
17605,7.75962378377444
17606,23.6677719159234
17607,13.4730713844553
17608,7.35431232085649
17609,5.33720752530982
17610,4.07969190527036
17611,3.77259940659973
17612,3.64246097809706
17613,3.58003058385868
17614,23.6677719159234
17615,13.4730713844553
17616,7.35431232085649
17617,5.33720752530982
17618,4.07969190527036
17619,3.77259940659973
17620,3.64246097809706
17621,3.58003058385868
17622,23.6677719159234
17623,13.4730713844553
17624,7.35431232085649
17625,5.33720752530982
17626,4.07969190527036
17627,3.77259940659973
17628,3.64246097809706
17629,3.58003058385868
17630,23.6677719159234
17631,13.4730713844553
17632,7.35431232085649
17633,5.33720752530982
17634,4.07969190527036
17635,3.77259940659973
17636,3.64246097809706
17637,3.58003058385868
17638,23.6677719159234
17639,13.4730713844553
17640,7.35431232085649
17641,5.33720752530982
17642,4.07969190527036
17643,3.77259940659973
17644,3.64246097809706
17645,3.58003058385868
17646,7.75962378377444
17647,7.75962378377444
17648,7.75962378377444
17649,7.75962378377444
17650,7.75962378377444
17651,6.02917077240292
17652,6.22761925516065
17653,7.28897456791752
17654,18.3707312943981
17655,33.7382703809942
17656,8.89067102779568
17657,4.56023455235034
17658,33.7382703809942
17659,8.89067102779568
17660,4.56023455235034
17661,33.7382703809942
17662,8.89067102779568
17663,4.56023455235034
17664,33.7382703809942
17665,8.89067102779568
17666,4.56023455235034
17667,26.9574578047598
17668,42.7683338857955
17669,7.82153383232343
17670,3.31622606205369
17671,2.45324698196123
17672,3.31427250018348
17673,72.135786609071
17674,47.1987362833965
17675,21.7591012421941
17676,13.0547122160782
17677,6.59668329107672
17678,33.7382703809942
17679,8.89067102779568
17680,4.56023455235034
17681,11.7565253473401
17682,13.995647655212
17683,5.76650902327736
17684,4.84801468953678
17685,3.50242374309884
17686,1.47310625536287
17687,12.3672775971449
17688,7.90987860963701
17689,4.66296211083961
17690,33.4556512848348
17691,9.14978423114226
17692,3.76833466326517
17693,9.87139791578736
17694,52.0540847291337
17695,19.5264272773125
17696,112.757028801371
17697,73.0981113952157
17698,71.4302093471371
17699,65.7379374187251
17700,26.8549478051095
17701,22.1813318906863
17702,4.24672735936969
17703,5.53431434750942
17704,76.5604848398713
17705,60.9568305029676
17706,60.9568305029676
17707,33.4556512848348
17708,9.14978423114226
17709,3.76833466326517
17710,3.82600389355788
17711,85.5827332854124
17712,75.4834270214789
17713,19.234578907999
17714,19.132714095544
17715,122.964137993519
17716,78.8530576852659
17717,70.3817958266285
17718,64.5620330027425
17719,30.0047515584915
17720,15.2212511219651
17721,11.182828173232
17722,9.3355691774172
17723,27.1712962270362
17724,34.9172156286672
17725,15.9379471663045
17726,45.9828772209641
17727,3.29367738065695
17728,5.37775703025755
17729,3.73152848158888
17730,1.76030677130934
17731,45.0363673780771
17732,26.6908187767613
17733,10.593609180076
17734,9.75309280180638
17735,7.8366381942794
17736,19.5379153846011
17737,31.5306739128912
17738,7.47655803600026
17739,3.05167103757076
17740,24.2241103966709
17741,38.3276353330854
17742,34.6225863296287
17743,4.54636150653698
17744,4.54636150653698
17745,96.7359742126962
17746,7.04457124865501
17747,29.7809475768598
17748,21.8810546701984
17749,22.5265106024345
17750,8.43575254697506
17751,9.29281151885498
17752,7.78215002558168
17753,5.07268417724909
17754,4.2527054975366
17755,6.00326504786605
17756,26.1839303711358
17757,190.679036826629
17758,20.7060879164985
17759,103.294291744752
17760,11.532925761337
17761,22.5308389435983
17762,12.3138384671089
17763,10.1000882924379
17764,9.19831372294829
17765,25.5492894678528
17766,31.5306739128912
17767,7.47655803600026
17768,3.05167103757076
17769,33.7382703809942
17770,8.89067102779568
17771,4.56023455235034
17772,12.7640030846852
17773,32.918546888161
17774,24.5222585291227
17775,13.9833305273991
17776,7.59977034450347
17777,5.50234241257195
17778,4.19515569473415
17779,3.86186715489693
17780,3.73945024181551
17781,3.65786273756978
17782,10.9966657596271
17783,6.44623874888949
17784,5.80329803827741
17785,5.53287238729629
17786,2.92612237610332
17787,28.9348526522286
17788,12.7747177801951
17789,5.75841286936256
17790,4.47272741637843
17791,45.5274604373045
17792,18.6788773088657
17793,25.5807156873422
17794,12.6133354823564
17795,11.9111617469706
17796,10.5379319709723
17797,6.32315749839181
17798,31.5306739128912
17799,7.47655803600026
17800,3.05167103757076
17801,8.35889978118321
17802,7.88703152809173
17803,27.7659502567487
17804,14.9307665339545
17805,33.7382703809942
17806,8.89067102779568
17807,4.56023455235034
17808,4.6537418694324
17809,38.7339870162577
17810,9.38841558918145
17811,3.72463089327511
17812,33.4556512848348
17813,9.14978423114226
17814,3.76833466326517
17815,31.5306739128912
17816,7.47655803600026
17817,3.05167103757076
17818,10.800228688704
17819,24.40486159704
17820,6.37370702147666
17821,7.54342560142598
17822,6.00326504786605
17823,21.829262179712
17824,21.8629390491097
17825,9.72100549303783
17826,31.5306739128912
17827,7.47655803600026
17828,3.05167103757076
17829,31.5306739128912
17830,7.47655803600026
17831,3.05167103757076
17832,31.5306739128912
17833,7.47655803600026
17834,3.05167103757076
17835,31.5306739128912
17836,7.47655803600026
17837,3.05167103757076
17838,33.7382703809942
17839,8.89067102779568
17840,4.56023455235034
17841,33.7382703809942
17842,8.89067102779568
17843,4.56023455235034
17844,7.77285730741456
17845,4.16192589646815
17846,74.664042573574
17847,18.8966424862162
17848,17.9962115670643
17849,15.8911319305728
17850,9.17539107374077
17851,8.69738122834652
17852,7.36902480241938
17853,5.92747320833928
17854,8.32089617881819
17855,33.7382703809942
17856,8.89067102779568
17857,4.56023455235034
17858,25.0154348081921
17859,12.0078010973549
17860,58.6577980565514
17861,58.6435821142105
17862,55.6514314709399
17863,27.9505414472029
17864,34.2219612397762
17865,8.89834995130294
17866,3.54786588491363
17867,13.6945776480632
17868,4.71437845585831
17869,42.1809105193984
17870,1.39860637388277
17871,22.6260297941708
17872,12.7474339428441
17873,6.72379638454855
17874,4.74990282488053
17875,3.51020060132022
17876,3.22218849512528
17877,3.12011612612803
17878,3.04623188666699
17879,79.2194654612009
17880,128.203448620451
17881,3.11815731319864
17882,31.5306739128912
17883,7.47655803600026
17884,3.05167103757076
17885,68.2300381397415
17886,2.87367105154483
17887,33.7382703809942
17888,8.89067102779568
17889,4.56023455235034
17890,33.4556512848348
17891,9.14978423114226
17892,3.76833466326517
17893,33.4556512848348
17894,9.14978423114226
17895,3.76833466326517
17896,4.56222456746853
17897,178.036631936042
17898,108.610474582043
17899,85.2092543785455
17900,78.4554103148103
17901,51.5245006005274
17902,23.8248098329955
17903,305.66881378324
17904,190.25899826532
17905,149.112762147728
17906,133.646730545657
17907,91.4418652665417
17908,38.6845882452633
17909,23.6677719159234
17910,13.4730713844553
17911,7.35431232085649
17912,5.33720752530982
17913,4.07969190527036
17914,3.77259940659973
17915,3.64246097809706
17916,3.58003058385868
17917,24.5222585291227
17918,13.9833305273991
17919,7.59977034450347
17920,5.50234241257195
17921,4.19515569473415
17922,3.86186715489693
17923,3.73945024181551
17924,3.65786273756978
17925,18.8144635721923
17926,12.5557798552208
17927,14.7070261139669
17928,14.7070261139669
17929,31.4105149449817
17930,8.80816584882425
17931,4.01570008844592
17932,27.2654119847886
17933,7.12995646993511
17934,2.81592506533489
17935,28.2132402619517
17936,5.87770046788933
17937,9.69729126483533
17938,11.4650993448399
17939,23.102180220196
17940,11.2863806000846
17941,27.9597902444648
17942,86.3210047990615
17943,127.984224905485
17944,13.7592755884217
17945,33.7382703809942
17946,8.89067102779568
17947,4.56023455235034
17948,32.8733098667488
17949,9.86570910026684
17950,4.12285611712933
17951,4.24672735936969
17952,33.7382703809942
17953,8.89067102779568
17954,4.56023455235034
17955,24.2241103966709
17956,31.1065404130603
17957,34.9579215003967
17958,2.46713486070495
17959,5.22360524510145
17960,7.8511617927774
17961,7.1577540209204
17962,33.4556512848348
17963,9.14978423114226
17964,3.76833466326517
17965,33.4556512848348
17966,9.14978423114226
17967,3.76833466326517
17968,31.5306739128912
17969,7.47655803600026
17970,3.05167103757076
17971,4.03194839897095
17972,14.1773262915358
17973,30.2285964609528
17974,7.24959264745883
17975,3.02771458605193
17976,30.2285964609528
17977,7.24959264745883
17978,3.02771458605193
17979,30.9288694042607
17980,7.43279889034313
17981,3.10423198664103
17982,30.9288694042607
17983,7.43279889034313
17984,3.10423198664103
17985,30.9288694042607
17986,7.43279889034313
17987,3.10423198664103
17988,30.9288694042607
17989,7.43279889034313
17990,3.10423198664103
17991,31.5306739128912
17992,7.47655803600026
17993,3.05167103757076
17994,24.2901791805059
17995,13.9324834498643
17996,7.6722627363381
17997,5.61975605490777
17998,4.3507575859068
17999,4.02131456127751
18000,3.90394869362584
18001,3.83163546092023
18002,30.9288694042607
18003,7.43279889034313
18004,3.10423198664103
18005,31.5306739128912
18006,7.47655803600026
18007,3.05167103757076
18008,30.9288694042607
18009,7.43279889034313
18010,3.10423198664103
18011,30.9288694042607
18012,7.43279889034313
18013,3.10423198664103
18014,10.7838484155311
18015,11.868251125375
18016,11.0816734619563
18017,10.5701176883365
18018,10.800228688704
18019,30.9288694042607
18020,7.43279889034313
18021,3.10423198664103
18022,33.7382703809942
18023,8.89067102779568
18024,4.56023455235034
18025,8.2064653186244
18026,26.7625920371518
18027,16.3280093389551
18028,9.90101577682484
18029,7.82957552535974
18030,6.56163338935624
18031,6.23742822821277
18032,6.09933455967468
18033,6.01375526676025
18034,33.7382703809942
18035,8.89067102779568
18036,4.56023455235034
18037,34.9579215003967
18038,21.2154551712102
18039,74.6567113299671
18040,38.0344635823268
18041,22.2613558875856
18042,20.3730030294402
18043,11.9715957675049
18044,6.44865144639575
18045,61.0587845852371
18046,45.5869740805605
18047,39.8727056500665
18048,21.6627286488228
18049,13.1766147029569
18050,10.0357218237695
18051,25.7665213460326
18052,14.5204813697664
18053,11.8691503153318
18054,9.78443832965527
18055,7.18004569161215
18056,94.5140622613497
18057,62.883791531234
18058,47.9938484832346
18059,30.1510098216885
18060,11.6357603884072
18061,8.00623870825314
18062,22.0244349673824
18063,44.9476862492712
18064,15.1874594344738
18065,12.3797108068836
18066,7.56957745848275
18067,7.49090097036593
18068,31.0301796064969
18069,31.0301796064969
18070,33.7382703809942
18071,8.89067102779568
18072,4.56023455235034
18073,33.7382703809942
18074,8.89067102779568
18075,4.56023455235034
18076,49.3257671320987
18077,37.8234081916633
18078,8.9421292355451
18079,25.5807156873422
18080,12.6133354823564
18081,11.9111617469706
18082,10.5379319709723
18083,6.32315749839181
18084,25.5807156873422
18085,12.6133354823564
18086,11.9111617469706
18087,10.5379319709723
18088,6.32315749839181
18089,25.5426801964965
18090,14.4221765016742
18091,13.4990696607054
18092,9.05550673896963
18093,6.06302335230106
18094,82.2371801604246
18095,23.0759376267658
18096,22.2772441744346
18097,19.0630999742196
18098,4.24210273262914
18099,4.24210273262914
18100,1.6528267224722
18101,10.8593681866447
18102,4.54636150653698
18103,34.9579215003967
18104,54.9585487992757
18105,19.7457843008385
18106,12.754057421169
18107,11.4223236454292
18108,9.80465290103846
18109,62.6935729231569
18110,39.2246384324538
18111,33.6153272974949
18112,32.7312579262782
18113,6.31046327218582
18114,6.61164503096696
18115,8.31249416553993
18116,16.0937490917639
18117,14.2156921474915
18118,5.07656896125901
18119,5.07146237541632
18120,9.46410906720155
18121,8.48531913090558
18122,11.3379510241024
18123,9.28683498780531
18124,13.6542452237769
18125,13.2199798108775
18126,33.7382703809942
18127,8.89067102779568
18128,4.56023455235034
18129,3.97965752746523
18130,6.64532915579515
18131,21.214367861212
18132,4.66504614325272
18133,10.5211697166692
18134,26.4926011279949
18135,31.5306739128912
18136,7.47655803600026
18137,3.05167103757076
18138,31.5306739128912
18139,7.47655803600026
18140,3.05167103757076
18141,11.6497500783613
18142,20.0974114846248
18143,13.6198743477206
18144,33.7382703809942
18145,8.89067102779568
18146,4.56023455235034
18147,33.7382703809942
18148,8.89067102779568
18149,4.56023455235034
18150,4.24672735936969
18151,33.7382703809942
18152,8.89067102779568
18153,4.56023455235034
18154,2.92612237610332
18155,20.5320062516598
18156,14.3691415602203
18157,13.5879700781698
18158,9.71893287875155
18159,7.00194798348064
18160,20.7814339288794
18161,99.9159161112123
18162,33.113163821137
18163,32.4076182434583
18164,20.3528068740864
18165,24.5222585291227
18166,13.9833305273991
18167,7.59977034450347
18168,5.50234241257195
18169,4.19515569473415
18170,3.86186715489693
18171,3.73945024181551
18172,3.65786273756978
18173,37.7067419571895
18174,7.43141001930036
18175,46.3447310721338
18176,46.3447310721338
18177,11.3379510241024
18178,23.9120914547962
18179,23.9120914547962
18180,12.5557798552208
18181,33.7382703809942
18182,8.89067102779568
18183,4.56023455235034
18184,33.7382703809942
18185,8.89067102779568
18186,4.56023455235034
18187,33.7382703809942
18188,8.89067102779568
18189,4.56023455235034
18190,33.7382703809942
18191,8.89067102779568
18192,4.56023455235034
18193,17.5413060704343
18194,19.238045488091
18195,5.86139254950452
18196,5.9178774982559
18197,6.36988397657549
18198,13.6542452237769
18199,27.2654119847886
18200,7.12995646993511
18201,2.81592506533489
18202,13.2980337952048
18203,30.0742226004365
18204,33.7382703809942
18205,8.89067102779568
18206,4.56023455235034
18207,33.4556512848348
18208,9.14978423114226
18209,3.76833466326517
18210,27.3807066366175
18211,25.7665213460326
18212,14.5204813697664
18213,11.8691503153318
18214,9.78443832965527
18215,7.18004569161215
18216,33.7382703809942
18217,8.89067102779568
18218,4.56023455235034
18219,8.59877144136659
18220,33.7382703809942
18221,8.89067102779568
18222,4.56023455235034
18223,33.7382703809942
18224,8.89067102779568
18225,4.56023455235034
18226,17.4915822317353
18227,13.4622133005936
18228,6.62824652092585
18229,7.08614696899498
18230,17.4915822317353
18231,11.2579902071521
18232,6.19394182412619
18233,5.54115204094061
18234,5.10208157633056
18235,22.7200162968818
18236,5.47185869462199
18237,5.47185869462199
18238,7.92330701359772
18239,33.7382703809942
18240,8.89067102779568
18241,4.56023455235034
18242,4.9590117327584
18243,4.9590117327584
18244,31.5306739128912
18245,7.47655803600026
18246,3.05167103757076
18247,4.9590117327584
18248,12.6901865648804
18249,33.7382703809942
18250,8.89067102779568
18251,4.56023455235034
18252,33.7382703809942
18253,8.89067102779568
18254,4.56023455235034
18255,1.58543841096293
18256,158.282241813
18257,9.3955385046247
18258,4.25864045302231
18259,4.25864045302231
18260,12.0905269001265
18261,10.0676859667377
18262,9.57207687301424
18263,4.9590117327584
18264,38.7821896113973
18265,25.1890534517494
18266,25.8660143458682
18267,33.4556512848348
18268,9.14978423114226
18269,3.76833466326517
18270,33.7382703809942
18271,8.89067102779568
18272,4.56023455235034
18273,26.7234193895214
18274,16.143691754968
18275,9.61206666134122
18276,7.48045554542989
18277,6.18022618959295
18278,5.86755653509906
18279,5.69399062994721
18280,5.63664837393211
18281,26.7625920371518
18282,16.3280093389551
18283,9.90101577682484
18284,7.82957552535974
18285,6.56163338935624
18286,6.23742822821277
18287,6.09933455967468
18288,6.01375526676025
18289,33.7382703809942
18290,8.89067102779568
18291,4.56023455235034
18292,4.56493462543051
18293,33.4556512848348
18294,9.14978423114226
18295,3.76833466326517
18296,33.7382703809942
18297,8.89067102779568
18298,4.56023455235034
18299,26.7234193895214
18300,16.143691754968
18301,9.61206666134122
18302,7.48045554542989
18303,6.18022618959295
18304,5.86755653509906
18305,5.69399062994721
18306,5.63664837393211
18307,5.53431434750942
18308,10.875816721987
18309,13.8097964433226
18310,7.20422980967886
18311,1.78721450877849
18312,4.68330666822462
18313,33.7382703809942
18314,8.89067102779568
18315,4.56023455235034
18316,2.72483479983173
18317,2.37713656490248
18318,2.97201317247556
18319,2.37713656490248
18320,3.03252573903632
18321,3.52282298667906
18322,33.4556512848348
18323,9.14978423114226
18324,3.76833466326517
18325,33.4556512848348
18326,9.14978423114226
18327,3.76833466326517
18328,23.3396481594745
18329,23.3396481594745
18330,100.695538152522
18331,11.2724006063034
18332,17.0723366313437
18333,18.5344931991345
18334,10.3362403611589
18335,33.7657234691588
18336,30.6083585242157
18337,20.4895595464038
18338,10.1190303787119
18339,5.73042658073615
18340,33.7382703809942
18341,8.89067102779568
18342,4.56023455235034
18343,4.02225147139563
18344,2.8606491795436
18345,33.7382703809942
18346,8.89067102779568
18347,4.56023455235034
18348,33.7382703809942
18349,8.89067102779568
18350,4.56023455235034
18351,4.82209778913265
18352,4.54284932635276
18353,2.2620302383677
18354,12.6853658626847
18355,9.63097448874383
18356,8.66936036796975
18357,114.758792361974
18358,29.8441070478961
18359,33.0177524157342
18360,30.9894617344653
18361,6.66192019043464
18362,2.14241556609036
18363,8.42282064580864
18364,4.08506824588684
18365,4.00307365700777
18366,33.4556512848348
18367,9.14978423114226
18368,3.76833466326517
18369,33.4556512848348
18370,9.14978423114226
18371,3.76833466326517
18372,33.4556512848348
18373,9.14978423114226
18374,3.76833466326517
18375,17.1720319539263
18376,9.15765201606811
18377,33.7382703809942
18378,8.89067102779568
18379,4.56023455235034
18380,33.7382703809942
18381,8.89067102779568
18382,4.56023455235034
18383,33.7382703809942
18384,8.89067102779568
18385,4.56023455235034
18386,33.7382703809942
18387,8.89067102779568
18388,4.56023455235034
18389,33.7382703809942
18390,8.89067102779568
18391,4.56023455235034
18392,33.7382703809942
18393,8.89067102779568
18394,4.56023455235034
18395,33.4556512848348
18396,9.14978423114226
18397,3.76833466326517
18398,16.0637346612499
18399,8.5905384073563
18400,6.35314476042668
18401,5.90352047833589
18402,7.1350079289425
18403,3.93633217117453
18404,31.5306739128912
18405,7.47655803600026
18406,3.05167103757076
18407,9.30220184209404
18408,33.7382703809942
18409,8.89067102779568
18410,4.56023455235034
18411,33.7382703809942
18412,8.89067102779568
18413,4.56023455235034
18414,33.4556512848348
18415,9.14978423114226
18416,3.76833466326517
18417,31.392439448066
18418,7.34813095864833
18419,2.8720434294562
18420,33.4556512848348
18421,9.14978423114226
18422,3.76833466326517
18423,31.4989768138114
18424,7.75175877169803
18425,2.53382829841111
18426,114.758792361974
18427,46.3447310721338
18428,5.58680019225352
18429,33.7382703809942
18430,8.89067102779568
18431,4.56023455235034
18432,33.4556512848348
18433,9.14978423114226
18434,3.76833466326517
18435,29.7085842065301
18436,5.53431434750942
18437,10.6684667831316
18438,4.38369334007161
18439,4.26390819077548
18440,5.46535388741307
18441,23.2258169320353
18442,13.3071134236833
18443,14.4568807879291
18444,3.17517898390194
18445,33.7382703809942
18446,8.89067102779568
18447,4.56023455235034
18448,33.7382703809942
18449,8.89067102779568
18450,4.56023455235034
18451,9.12085169167305
18452,9.12085169167305
18453,18.4748480055154
18454,18.4748480055154
18455,33.7382703809942
18456,8.89067102779568
18457,4.56023455235034
18458,2.78289986092354
18459,3.50678491879777
18460,53.5076363731409
18461,4.26530812178423
18462,2.78289986092354
18463,26.9137440141383
18464,3.65640071190113
18465,3.39161697847203
18466,23.103115876969
18467,8.16455671823126
18468,5.1705789701153
18469,22.2864644693319
18470,5.04917675738092
18471,33.4556512848348
18472,9.14978423114226
18473,3.76833466326517
18474,31.5306739128912
18475,7.47655803600026
18476,3.05167103757076
18477,33.4556512848348
18478,9.14978423114226
18479,3.76833466326517
18480,35.7614410724448
18481,11.475480428174
18482,6.41383109464704
18483,3.06305587484904
18484,4.53250789312811
18485,15.6606329352163
18486,29.2434730286558
18487,6.62746316377983
18488,2.57561537373028
18489,22.3787174398506
18490,33.7382703809942
18491,8.89067102779568
18492,4.56023455235034
18493,23.3396481594745
18494,5.006267402773
18495,2.91690154531458
18496,2.50007416836969
18497,2.18371987394358
18498,33.7382703809942
18499,8.89067102779568
18500,4.56023455235034
18501,305.66881378324
18502,190.25899826532
18503,149.112762147728
18504,133.646730545657
18505,91.4418652665417
18506,31.0301796064969
18507,25.9074002766591
18508,17.7341682958253
18509,16.6638167380138
18510,13.4320556871634
18511,12.068777303236
18512,12.3706931411419
18513,6.56883839299803
18514,28.9890013546974
18515,29.1580414452417
18516,13.4691454955434
18517,31.5306739128912
18518,7.47655803600026
18519,3.05167103757076
18520,11.0837105171477
18521,17.9192823773355
18522,13.5238133109891
18523,9.89572614228388
18524,7.29849173194195
18525,24.5222585291227
18526,13.9833305273991
18527,7.59977034450347
18528,5.50234241257195
18529,4.19515569473415
18530,3.86186715489693
18531,3.73945024181551
18532,3.65786273756978
18533,14.1862059037719
18534,51.3540375660481
18535,3.25320151949733
18536,33.7382703809942
18537,8.89067102779568
18538,4.56023455235034
18539,16.5398239702395
18540,13.1535564981878
18541,31.5306739128912
18542,7.47655803600026
18543,3.05167103757076
18544,29.2477926890523
18545,3.25320151949733
18546,6.23771053429017
18547,9.17888497547681
18548,31.5306739128912
18549,7.47655803600026
18550,3.05167103757076
18551,31.5306739128912
18552,7.47655803600026
18553,3.05167103757076
18554,33.5096676388118
18555,9.38515167380424
18556,3.84474650695236
18557,26.7625920371518
18558,16.3280093389551
18559,9.90101577682484
18560,7.82957552535974
18561,6.56163338935624
18562,6.23742822821277
18563,6.09933455967468
18564,6.01375526676025
18565,31.5306739128912
18566,7.47655803600026
18567,3.05167103757076
18568,6.26680818607842
18569,29.5561315231167
18570,23.5439880167948
18571,31.392439448066
18572,7.34813095864833
18573,2.8720434294562
18574,31.392439448066
18575,7.34813095864833
18576,2.8720434294562
18577,31.5306739128912
18578,7.47655803600026
18579,3.05167103757076
18580,4.24672735936969
18581,75.3000488258152
18582,41.4251283085638
18583,33.7382703809942
18584,8.89067102779568
18585,4.56023455235034
18586,33.7382703809942
18587,8.89067102779568
18588,4.56023455235034
18589,26.7234193895214
18590,16.143691754968
18591,9.61206666134122
18592,7.48045554542989
18593,6.18022618959295
18594,5.86755653509906
18595,5.69399062994721
18596,5.63664837393211
18597,26.7234193895214
18598,16.143691754968
18599,9.61206666134122
18600,7.48045554542989
18601,6.18022618959295
18602,5.86755653509906
18603,5.69399062994721
18604,5.63664837393211
18605,4.77409852874828
18606,2.28362629298403
18607,2.26196958948025
18608,2.61374495816783
18609,18.4453542163119
18610,28.1053448829673
18611,3.88389089729743
18612,29.4194238993065
18613,6.87275020642386
18614,2.07687485660766
18615,31.392439448066
18616,7.34813095864833
18617,2.8720434294562
18618,3.25320151949733
18619,3.25320151949733
18620,3.25320151949733
18621,3.25320151949733
18622,3.25320151949733
18623,5.53431434750942
18624,3.25320151949733
18625,33.7382703809942
18626,8.89067102779568
18627,4.56023455235034
18628,31.756360133993
18629,15.0854885779479
18630,9.67823045428735
18631,114.758792361974
18632,55.6777849355729
18633,32.2392238527424
18634,43.5228173886464
18635,22.4435337345156
18636,46.1978248563994
18637,20.5595658688487
18638,5.53431434750942
18639,32.619714609121
18640,8.41892309930966
18641,3.11612192412222
18642,147.500751911076
18643,116.300633580831
18644,78.869438246635
18645,36.1930010415499
18646,28.781268460397
18647,17.9018048210699
18648,25.2323859064625
18649,23.1911782629512
18650,19.4373485301861
18651,7.41012249518483
18652,9.98838989552811
18653,4.24672735936969
18654,9.40330436994708
18655,7.75626383687985
18656,4.21741032956558
18657,4.21741032956558
18658,4.21741032956558
18659,4.21741032956558
18660,7.93204545472609
18661,23.2002444988426
18662,6.23137470724185
18663,2.57146511748293
18664,5.70923361344863
18665,4.62045192398397
18666,19.0708336555409
18667,11.4820024922689
18668,20.2128001824661
18669,5.15359420421906
18670,6.56084389657782
18671,5.52943791683563
18672,17.5239279118158
18673,29.4447598836965
18674,4.72605708240818
18675,7.35788749774606
18676,14.9892471864641
18677,41.7641283149988
18678,14.9892471864641
18679,6.30334951954069
18680,2.0430277710171
18681,5.31328519620347
18682,6.30334951954069
18683,4.53854505564512
18684,3.73712437150331
18685,5.70923361344863
18686,33.7382703809942
18687,8.89067102779568
18688,4.56023455235034
18689,23.1005896110496
18690,10.6400803931606
18691,7.70957028315797
18692,30.9404269745267
18693,11.2238264184593
18694,30.9404269745267
18695,11.2238264184593
18696,30.9404269745267
18697,11.2238264184593
18698,5.3538646933607
18699,9.22041128835036
18700,3.72427478565118
18701,3.55856180882944
18702,3.72427478565118
18703,3.55856180882944
18704,3.95871894129141
18705,7.61742018810249
18706,21.7521739250071
18707,12.2508104547076
18708,10.43307734908
18709,9.42505977292304
18710,219.699992920345
18711,4.62854507557857
18712,49.0423355998354
18713,30.3049863148428
18714,6.46885568559058
18715,2.0674106498546
18716,33.4556512848348
18717,9.14978423114226
18718,3.76833466326517
18719,23.8709996942081
18720,33.4556512848348
18721,9.14978423114226
18722,3.76833466326517
18723,33.4556512848348
18724,9.14978423114226
18725,3.76833466326517
18726,30.598415235126
18727,8.74781132786492
18728,3.47834598164373
18729,31.2872110474873
18730,8.7244300072544
18731,3.97934072934754
18732,41.3808134979145
18733,15.7621356018206
18734,31.1654578860326
18735,15.4188040102467
18736,8.63157363669833
18737,53.1798412962045
18738,23.5456856984991
18739,13.5770676524599
18740,4.59945970589242
18741,4.53656922991491
18742,24.5060203540422
18743,7.41012249518483
18744,3.25320151949733
18745,27.3701495218397
18746,33.4556512848348
18747,9.14978423114226
18748,3.76833466326517
18749,22.2497682130538
18750,27.9772219264462
18751,27.9772219264462
18752,19.8391457311674
18753,34.6886696578889
18754,6.00326504786605
18755,5.62866266718965
18756,26.8549478051095
18757,26.8549478051095
18758,26.8549478051095
18759,28.5790603154175
18760,6.82195242556361
18761,2.86770958706736
18762,33.7382703809942
18763,8.89067102779568
18764,4.56023455235034
18765,5.83862966456562
18766,39.6546261817538
18767,13.3909285632149
18768,13.4029429084387
18769,13.3909285632149
18770,13.4029429084387
18771,33.4556512848348
18772,9.14978423114226
18773,3.76833466326517
18774,33.4556512848348
18775,9.14978423114226
18776,3.76833466326517
18777,25.773855000066
18778,33.5064510424768
18779,305.66881378324
18780,190.25899826532
18781,149.112762147728
18782,133.646730545657
18783,91.4418652665417
18784,12.785430003847
18785,5.18230068063798
18786,5.18230068063798
18787,2.9854654183568
18788,3.35923180234001
18789,33.4556512848348
18790,9.14978423114226
18791,3.76833466326517
18792,33.4556512848348
18793,9.14978423114226
18794,3.76833466326517
18795,33.4556512848348
18796,9.14978423114226
18797,3.76833466326517
18798,33.7382703809942
18799,8.89067102779568
18800,4.56023455235034
18801,33.7382703809942
18802,8.89067102779568
18803,4.56023455235034
18804,4.21212393516689
18805,2.47067883659244
18806,27.5500140692702
18807,20.5086721616308
18808,18.832481857663
18809,17.623916129663
18810,9.97749542943928
18811,32.4013499996444
18812,33.7382703809942
18813,8.89067102779568
18814,4.56023455235034
18815,33.7382703809942
18816,8.89067102779568
18817,4.56023455235034
18818,33.3655805211495
18819,9.3984417326953
18820,4.07365899478551
18821,31.5306739128912
18822,7.47655803600026
18823,3.05167103757076
18824,208.403815633741
18825,83.8264448689955
18826,65.7785045766558
18827,60.0931890667669
18828,60.0244570434385
18829,30.1481270977375
18830,14.6057012934985
18831,9.85192185964486
18832,7.50845595589827
18833,30.1481270977375
18834,14.6057012934985
18835,9.85192185964486
18836,7.50845595589827
18837,9.29254419254446
18838,3.06431996738764
18839,16.5741270944057
18840,5.5122102057973
18841,10.402404113796
18842,18.6063228386117
18843,14.0262754339336
18844,19.4199215186311
18845,17.1793396073546
18846,31.5306739128912
18847,7.47655803600026
18848,3.05167103757076
18849,32.5620213144991
18850,9.10886107847642
18851,3.75963290144762
18852,77.4588606031215
18853,17.2549666789364
18854,10.9912310286452
18855,3.02077185198425
18856,39.4565339487167
18857,33.7382703809942
18858,8.89067102779568
18859,4.56023455235034
18860,31.392439448066
18861,7.34813095864833
18862,2.8720434294562
18863,20.056106395614
18864,9.6445951745305
18865,33.7382703809942
18866,8.89067102779568
18867,4.56023455235034
18868,5.14383549806795
18869,7.8074882388824
18870,7.59563389745542
18871,3.25320151949733
18872,3.25320151949733
18873,3.27151183008976
18874,4.08371671220818
18875,34.9579215003967
18876,22.4110030020192
18877,12.8284975819828
18878,4.24445647454152
18879,10.2607621293998
18880,7.40168171927673
18881,54.7902474681953
18882,54.7902474681953
18883,20.6815048150375
18884,29.3403397914197
18885,11.953672215536
18886,3.25320151949733
18887,5.40040605386642
18888,21.3288352207617
18889,13.1930938364674
18890,11.421537707631
18891,9.8681220372727
18892,7.29692342382441
18893,6.44161524480219
18894,21.3288352207617
18895,13.1930938364674
18896,11.421537707631
18897,9.8681220372727
18898,7.29692342382441
18899,6.44161524480219
18900,36.6308874524245
18901,25.9380273115704
18902,12.7780509278034
18903,60.1179468494909
18904,3.25320151949733
18905,5.82451441774418
18906,4.25809048414792
18907,8.17311941122356
18908,9.44271298818311
18909,10.558803911371
18910,9.25171915905156
18911,3.06546650953327
18912,31.5933311061052
18913,33.7382703809942
18914,8.89067102779568
18915,4.56023455235034
18916,32.001414998624
18917,8.21374598348281
18918,3.01897696092769
18919,31.5306739128912
18920,7.47655803600026
18921,3.05167103757076
18922,31.5306739128912
18923,7.47655803600026
18924,3.05167103757076
18925,33.7382703809942
18926,8.89067102779568
18927,4.56023455235034
18928,18.0191864745674
18929,10.7378526132394
18930,9.45883443415757
18931,7.03111069787698
18932,5.85144419932802
18933,5.33270645655017
18934,33.4556512848348
18935,9.14978423114226
18936,3.76833466326517
18937,33.4556512848348
18938,9.14978423114226
18939,3.76833466326517
18940,33.4556512848348
18941,9.14978423114226
18942,3.76833466326517
18943,13.5786053260772
18944,6.81038308396366
18945,26.8549478051095
18946,9.12085169167305
18947,33.7382703809942
18948,8.89067102779568
18949,4.56023455235034
18950,18.0369652699108
18951,44.5986738261233
18952,11.7944055492037
18953,10.9677041143487
18954,33.7382703809942
18955,8.89067102779568
18956,4.56023455235034
18957,32.8733098667488
18958,9.86570910026684
18959,4.12285611712933
18960,3.49441928918563
18961,4.50757445441752
18962,31.5306739128912
18963,7.47655803600026
18964,3.05167103757076
18965,5.66805973797507
18966,2.98486472700401
18967,4.50796812898871
18968,8.21650169577476
18969,3.38987247316293
18970,3.38987247316293
18971,3.13696356463135
18972,3.01593524342532
18973,4.01064599970815
18974,4.48123044995019
18975,4.48123044995019
18976,6.79944129914732
18977,4.72254050783191
18978,4.68634766782638
18979,4.47481513217562
18980,23.1543488219835
18981,71.8927025682345
18982,21.9937094241774
18983,8.02263240151576
18984,31.791892684212
18985,8.19424501155833
18986,3.04681334659749
18987,7.63739318211987
18988,8.13688023446117
18989,16.3411036675175
18990,11.1890958049729
18991,31.392439448066
18992,7.34813095864833
18993,2.8720434294562
18994,6.15640368416953
18995,6.15640368416953
18996,14.3758281880849
18997,45.8599439902315
18998,30.8713869856536
18999,27.0357967333793
19000,17.7567465296011
19001,8.88348535051692
19002,5.39562448436206
19003,18.0191864745674
19004,10.7378526132394
19005,9.45883443415757
19006,7.03111069787698
19007,5.85144419932802
19008,5.33270645655017
19009,10.800228688704
19010,8.70680138424131
19011,5.21657542635901
19012,13.7165979845466
19013,5.46807163569704
19014,33.7382703809942
19015,8.89067102779568
19016,4.56023455235034
19017,18.2463922812606
19018,5.97616534281529
19019,14.8283676176442
19020,16.3684816012855
19021,23.5168456967957
19022,23.2097500260241
19023,3.25320151949733
19024,8.63765346396893
19025,26.4926011279949
19026,15.5010734426895
19027,60.1472691886981
19028,12.8356858503252
19029,33.4556512848348
19030,9.14978423114226
19031,3.76833466326517
19032,18.042824740707
19033,31.2872110474873
19034,8.7244300072544
19035,3.97934072934754
19036,6.99480256543824
19037,3.73712437150331
19038,4.12915734588315
19039,33.9978703738476
19040,14.3203544943464
19041,5.10802945215579
19042,7.37606934792245
19043,33.4556512848348
19044,9.14978423114226
19045,3.76833466326517
19046,4.73389395933372
19047,4.96151545667471
19048,5.97145219256567
19049,11.6506637190785
19050,24.9415234846823
19051,7.46688059843219
19052,31.5306739128912
19053,7.47655803600026
19054,3.05167103757076
19055,5.14383549806795
19056,31.5306739128912
19057,7.47655803600026
19058,3.05167103757076
19059,33.7382703809942
19060,8.89067102779568
19061,4.56023455235034
19062,5.74722881901593
19063,6.17630084268127
19064,7.01237594180176
19065,6.47738204378461
19066,5.29878490918299
19067,16.9950141085722
19068,9.94419899986521
19069,9.10424694868756
19070,6.78379267826659
19071,28.4791180622258
19072,14.1253447346529
19073,9.34663451564322
19074,10.8144947692092
19075,5.87975792036474
19076,9.10226798311936
19077,6.17392270586396
19078,6.01498869936169
19079,7.10791674281661
19080,10.8135759747628
19081,8.68578758918022
19082,6.74155538159586
19083,6.3109283293305
19084,7.57338514131403
19085,10.5741484756536
19086,6.07888515330217
19087,4.98905713762382
19088,4.20957364113938
19089,4.09910716258369
19090,33.7382703809942
19091,8.89067102779568
19092,4.56023455235034
19093,31.392439448066
19094,7.34813095864833
19095,2.8720434294562
19096,33.7382703809942
19097,8.89067102779568
19098,4.56023455235034
19099,6.08971147948291
19100,12.5820662114158
19101,11.3116495300661
19102,6.97226781007713
19103,6.29466359071025
19104,5.82190335319494
19105,11.4936573460159
19106,7.07694813530695
19107,6.41975330665131
19108,5.1736041614556
19109,12.920983733978
19110,33.7382703809942
19111,8.89067102779568
19112,4.56023455235034
19113,6.29075889536888
19114,13.4518451083762
19115,5.19924369343142
19116,6.03310351481606
19117,31.392439448066
19118,7.34813095864833
19119,2.8720434294562
19120,31.392439448066
19121,7.34813095864833
19122,2.8720434294562
19123,9.8598130376826
19124,6.13427885010698
19125,6.23589343971927
19126,24.9312727839081
19127,14.7965696982208
19128,8.61314107229092
19129,6.5010448233443
19130,5.40487726974653
19131,5.1706635806028
19132,5.05211816680521
19133,4.9991496100726
19134,4.5076412706506
19135,18.9952640426878
19136,33.7382703809942
19137,8.89067102779568
19138,4.56023455235034
19139,26.7234193895214
19140,16.143691754968
19141,9.61206666134122
19142,7.48045554542989
19143,6.18022618959295
19144,5.86755653509906
19145,5.69399062994721
19146,5.63664837393211
19147,26.7234193895214
19148,16.143691754968
19149,9.61206666134122
19150,7.48045554542989
19151,6.18022618959295
19152,5.86755653509906
19153,5.69399062994721
19154,5.63664837393211
19155,55.4303321572397
19156,30.201769844052
19157,20.8743348871481
19158,8.94292483945187
19159,5.35165003644932
19160,5.02758448484274
19161,5.57155466898909
19162,5.59500664708762
19163,24.2901791805059
19164,13.9324834498643
19165,7.6722627363381
19166,5.61975605490777
19167,4.3507575859068
19168,4.02131456127751
19169,3.90394869362584
19170,3.83163546092023
19171,9.40430654319401
19172,6.58897420100687
19173,11.4820024922689
19174,15.4705563927024
19175,33.7382703809942
19176,8.89067102779568
19177,4.56023455235034
19178,31.392439448066
19179,7.34813095864833
19180,2.8720434294562
19181,31.5306739128912
19182,7.47655803600026
19183,3.05167103757076
19184,31.392439448066
19185,7.34813095864833
19186,2.8720434294562
19187,9.84971872367608
19188,8.59009049166402
19189,162.262531146857
19190,80.8859480626318
19191,27.2654119847886
19192,7.12995646993511
19193,2.81592506533489
19194,35.0457312807145
19195,11.2864341096563
19196,5.70918914989903
19197,5.2810426912977
19198,24.0350730478665
19199,14.0808421758205
19200,8.18292367356611
19201,6.20423437449385
19202,5.03515806242805
19203,4.69198151300736
19204,4.50938557795379
19205,24.5222585291227
19206,13.9833305273991
19207,7.59977034450347
19208,5.50234241257195
19209,4.19515569473415
19210,3.86186715489693
19211,3.73945024181551
19212,3.65786273756978
19213,80.7561593492646
19214,42.6153793515588
19215,39.8875498699761
19216,27.534277979982
19217,10.8083774779325
19218,6.69663284592422
19219,33.7382703809942
19220,8.89067102779568
19221,4.56023455235034
19222,4.35906227164593
19223,5.61819989504009
19224,5.97012047933054
19225,4.8986451051552
19226,3.82396558407475
19227,14.645683061258
19228,6.38353547116951
19229,6.4831995800018
19230,11.1092490758927
19231,33.7382703809942
19232,8.89067102779568
19233,4.56023455235034
19234,4.83252080807003
19235,6.55552203670834
19236,46.3545974581054
19237,7.32723146669552
19238,5.97185147647615
19239,18.1797619171201
19240,7.27706404715053
19241,6.57770894390115
19242,8.64574986398845
19243,25.8189411782851
19244,25.8189411782851
19245,6.62569429925502
19246,28.3646433826559
19247,57.8728160011415
19248,22.7854994575158
19249,22.5641209898937
19250,22.4387769341956
19251,9.5811368951688
19252,8.21454665563881
19253,16.85245074185
19254,11.4820024922689
19255,11.0700775807638
19256,33.2574728384441
19257,201.551377158978
19258,10.8042533975127
19259,14.0515666040531
19260,4.40961086650201
19261,8.58085062128458
19262,7.31795167038327
19263,25.585243793896
19264,9.54333839643838
19265,38.9512271827877
19266,6.22627611765347
19267,19.0566717088176
19268,4.21741032956558
19269,30.9672709042085
19270,7.06643698226049
19271,2.68273816448781
19272,30.9672709042085
19273,7.06643698226049
19274,2.68273816448781
19275,30.9672709042085
19276,7.06643698226049
19277,2.68273816448781
19278,75.6961996900032
19279,55.7139766698808
19280,48.8972278376984
19281,19.5031351854038
19282,9.09978218496165
19283,8.42050939576857
19284,25.1781794171806
19285,15.5803843486942
19286,11.1219505766983
19287,7.63663187178848
19288,4.72523024409079
19289,4.22323461079575
19290,33.7382703809942
19291,8.89067102779568
19292,4.56023455235034
19293,8.70938745845392
19294,6.71253151655918
19295,6.71253151655918
19296,6.71253151655918
19297,2.80010365929968
19298,14.7646198992823
19299,3.30474921886712
19300,3.34230724498476
19301,9.05025216040413
19302,36.8030962142484
19303,33.7382703809942
19304,8.89067102779568
19305,4.56023455235034
19306,33.7382703809942
19307,8.89067102779568
19308,4.56023455235034
19309,33.7382703809942
19310,8.89067102779568
19311,4.56023455235034
19312,18.6683425480642
19313,31.5306739128912
19314,7.47655803600026
19315,3.05167103757076
19316,82.8463450251909
19317,82.8463450251909
19318,53.5134604562927
19319,5.38363069220157
19320,33.7382703809942
19321,8.89067102779568
19322,4.56023455235034
19323,33.7382703809942
19324,8.89067102779568
19325,4.56023455235034
19326,26.9081918060053
19327,26.9081918060053
19328,103.967588465577
19329,57.8121416574417
19330,45.3053443100521
19331,43.3865226701555
19332,20.5136156716131
19333,8.59047633974604
19334,62.5790340042052
19335,14.9688484302816
19336,14.9688484302816
19337,33.3619687606798
19338,6.1587021217466
19339,6.1587021217466
19340,33.2574728384441
19341,33.2574728384441
19342,33.2574728384441
19343,33.2574728384441
19344,33.2574728384441
19345,33.2574728384441
19346,7.42266965459809
19347,7.31316085494529
19348,7.31316085494529
19349,23.4709950570064
19350,28.3903605382429
19351,7.02850304381702
19352,3.18734572385906
19353,30.148350741221
19354,4.94586320297679
19355,15.3091415678572
19356,33.4556512848348
19357,9.14978423114226
19358,3.76833466326517
19359,4.5076412706506
19360,4.5076412706506
19361,5.72540736520548
19362,6.01465986038126
19363,24.1839530444906
19364,14.0775306801046
19365,8.032049460752
19366,6.01378803143455
19367,4.81692017366605
19368,4.56553711353257
19369,4.40744609883132
19370,4.36270506297057
19371,24.1839530444906
19372,14.0775306801046
19373,8.032049460752
19374,6.01378803143455
19375,4.81692017366605
19376,4.56553711353257
19377,4.40744609883132
19378,4.36270506297057
19379,24.1839530444906
19380,14.0775306801046
19381,8.032049460752
19382,6.01378803143455
19383,4.81692017366605
19384,4.56553711353257
19385,4.40744609883132
19386,4.36270506297057
19387,9.40593272279462
19388,9.40328106771715
19389,19.6875452467946
19390,15.5583843030423
19391,15.9574511744451
19392,9.06430945753389
19393,7.32965001256387
19394,6.60672539028217
19395,4.34329111315835
19396,3.95614297628565
19397,75.6961996900032
19398,55.7139766698808
19399,48.8972278376984
19400,19.5031351854038
19401,9.09978218496165
19402,8.42050939576857
19403,5.34165496137129
19404,5.69232548008276
19405,23.8772642062628
19406,20.1783153602212
19407,32.8353826592163
19408,13.1097145539031
19409,17.3678131953803
19410,45.9167908044693
19411,30.3751506011812
19412,27.297161185547
19413,18.0428852648353
19414,7.64333743880243
19415,5.12004246597843
19416,49.8853642484566
19417,20.4905686633678
19418,15.3757437206551
19419,14.1371901549595
19420,11.4119190541049
19421,9.88428074728182
19422,9.53379312047838
19423,7.07271512549837
19424,16.5748328975141
19425,16.5748328975141
19426,103.294291744752
19427,127.984224905485
19428,136.383173149598
19429,13.4822055005017
19430,10.585310731398
19431,4.25809048414792
19432,46.6646474230338
19433,26.228351049562
19434,4.06099488915663
19435,99.0235188652776
19436,12.777069548426
19437,13.3103744872864
19438,29.3381295652114
19439,31.5306739128912
19440,7.47655803600026
19441,3.05167103757076
19442,31.5306739128912
19443,7.47655803600026
19444,3.05167103757076
19445,21.1663142195278
19446,10.3609051755891
19447,14.5980789732848
19448,12.8188243892784
19449,12.9951295537495
19450,14.1490023580297
19451,18.0191864745674
19452,10.7378526132394
19453,9.45883443415757
19454,7.03111069787698
19455,5.85144419932802
19456,5.33270645655017
19457,4.74677093226917
19458,20.4905686633678
19459,15.3757437206551
19460,14.1371901549595
19461,11.4119190541049
19462,9.88428074728182
19463,9.53379312047838
19464,7.07271512549837
19465,43.3149345037058
19466,22.0174637043061
19467,18.0295020138776
19468,12.0912012633133
19469,8.53984954717353
19470,6.74089239807917
19471,6.00231814282775
19472,107.335040015977
19473,33.7382703809942
19474,8.89067102779568
19475,4.56023455235034
19476,33.7382703809942
19477,8.89067102779568
19478,4.56023455235034
19479,33.7382703809942
19480,8.89067102779568
19481,4.56023455235034
19482,31.5306739128912
19483,7.47655803600026
19484,3.05167103757076
19485,8.02864462775121
19486,33.5450622527137
19487,8.19633814214035
19488,3.52071497578132
19489,45.6733047844293
19490,25.247062863474
19491,25.247062863474
19492,7.7285543861612
19493,33.7382703809942
19494,8.89067102779568
19495,4.56023455235034
19496,10.4521798022046
19497,13.0551656768615
19498,30.9673407009025
19499,6.54453003720754
19500,2.23118796802262
19501,13.5892439565742
19502,13.5892439565742
19503,6.97729803572519
19504,33.7382703809942
19505,8.89067102779568
19506,4.56023455235034
19507,33.7382703809942
19508,8.89067102779568
19509,4.56023455235034
19510,54.1361046237343
19511,53.4730897356979
19512,39.0863138030773
19513,19.6129372830989
19514,13.1129383270175
19515,11.2314213186123
19516,7.84713340696632
19517,6.71170880079967
19518,6.19482845433122
19519,62.5564050688845
19520,12.1324977067597
19521,12.1324977067597
19522,6.99001972978366
19523,31.5306739128912
19524,7.47655803600026
19525,3.05167103757076
19526,6.96384428767233
19527,6.3727338520946
19528,4.69076923063828
19529,3.45150549421663
19530,33.7382703809942
19531,8.89067102779568
19532,4.56023455235034
19533,6.00326504786605
19534,8.74342407391468
19535,5.53431434750942
19536,8.74342407391468
19537,142.5061057551
19538,6.01025625694517
19539,31.5306739128912
19540,7.47655803600026
19541,3.05167103757076
19542,31.5306739128912
19543,7.47655803600026
19544,3.05167103757076
19545,38.3138270653543
19546,3.82865724240104
19547,3.82865724240104
19548,6.70052252802969
19549,4.21741032956558
19550,4.45341367754289
19551,79.0055263083606
19552,24.890322137223
19553,33.7382703809942
19554,8.89067102779568
19555,4.56023455235034
19556,15.853828632163
19557,15.6344104412213
19558,6.98058075886748
19559,7.59795004901992
19560,6.1773540179576
19561,11.2301748201351
19562,56.0792675058271
19563,16.4085993416787
19564,25.4972134379167
19565,34.6063446684143
19566,25.4972134379167
19567,46.3447310721338
19568,5.20420861728088
19569,7.89793909606252
19570,8.02896376915993
19571,33.3628081218112
19572,31.5306739128912
19573,7.47655803600026
19574,3.05167103757076
19575,8.22678731529448
19576,6.35037847882133
19577,5.64435263078361
19578,44.6904974798519
19579,12.082064992609
19580,9.27088209024312
19581,6.92960384631803
19582,16.0045513558828
19583,33.7382703809942
19584,8.89067102779568
19585,4.56023455235034
19586,44.9615348114878
19587,34.4663971652722
19588,33.4427299020325
19589,20.2809734540863
19590,8.98456735551588
19591,6.45258755379795
19592,18.6911186483433
19593,15.2227088708194
19594,13.1633642924495
19595,6.80513923572772
19596,5.00712775179587
19597,38.0199856876309
19598,27.1840877538023
19599,25.235405393962
19600,18.1496153472155
19601,15.2630719512974
19602,10.9019041204466
19603,6.29671040271949
19604,3.17502685211377
19605,5.64998090732286
19606,10.0869185523302
19607,3.38892414037765
19608,103.132428786683
19609,10.0085632207263
19610,55.4303321572397
19611,30.201769844052
19612,20.8743348871481
19613,8.94292483945187
19614,5.35165003644932
19615,5.02758448484274
19616,5.57155466898909
19617,31.5306739128912
19618,7.47655803600026
19619,3.05167103757076
19620,9.00306577362707
19621,32.6050008244125
19622,8.35603330726832
19623,2.93847055727797
19624,65.2837543649576
19625,53.5582869358519
19626,48.8679664159421
19627,29.4813062251258
19628,6.91147882056045
19629,5.01015815386495
19630,28.0438349246541
19631,24.535464703824
19632,21.8827719599021
19633,13.7440367149603
19634,6.76333702411805
19635,5.20661478974533
19636,28.0438349246541
19637,24.535464703824
19638,21.8827719599021
19639,13.7440367149603
19640,6.76333702411805
19641,5.20661478974533
19642,24.7746211892057
19643,13.0384742620201
19644,9.96350970433874
19645,8.51537136004206
19646,6.38434695005516
19647,5.85254303381685
19648,16.2950311758446
19649,10.3779213440674
19650,8.71709500150244
19651,6.40920438785833
19652,5.25747140499852
19653,4.84643847690083
19654,28.0438349246541
19655,24.535464703824
19656,21.8827719599021
19657,13.7440367149603
19658,6.76333702411805
19659,5.20661478974533
19660,33.7382703809942
19661,8.89067102779568
19662,4.56023455235034
19663,3.96940601476842
19664,8.39932643253454
19665,5.24436876035262
19666,22.6348373863242
19667,18.5876897593459
19668,18.3701424830696
19669,16.3706019067902
19670,5.24436876035262
19671,15.9110115884683
19672,9.53507151775283
19673,8.40965420860622
19674,6.74757155729346
19675,7.61201969147301
19676,7.25143198822264
19677,30.2135444912431
19678,8.22516888571394
19679,3.76207364342467
19680,12.5387003299829
19681,5.65587029148663
19682,5.65587029148663
19683,19.6129372830989
19684,13.1129383270175
19685,11.2314213186123
19686,7.84713340696632
19687,6.71170880079967
19688,6.19482845433122
19689,19.6129372830989
19690,13.1129383270175
19691,11.2314213186123
19692,7.84713340696632
19693,6.71170880079967
19694,6.19482845433122
19695,19.6129372830989
19696,13.1129383270175
19697,11.2314213186123
19698,7.84713340696632
19699,6.71170880079967
19700,6.19482845433122
19701,54.7397003128338
19702,27.4545507029033
19703,24.8706367802317
19704,19.0622936137641
19705,8.96742243955639
19706,6.15288740981752
19707,17.0833347594899
19708,8.7383750812747
19709,7.46337402144269
19710,5.74288783841192
19711,4.57005698138692
19712,4.02966654637573
19713,11.7172858288073
19714,4.70864154903992
19715,33.7382703809942
19716,8.89067102779568
19717,4.56023455235034
19718,33.4556512848348
19719,9.14978423114226
19720,3.76833466326517
19721,127.984224905485
19722,31.5306739128912
19723,7.47655803600026
19724,3.05167103757076
19725,137.967426262217
19726,62.9862418038552
19727,33.4556512848348
19728,9.14978423114226
19729,3.76833466326517
19730,4.87739494891933
19731,5.65818672635154
19732,5.28058933314178
19733,30.9672709042085
19734,7.06643698226049
19735,2.68273816448781
19736,30.9672709042085
19737,7.06643698226049
19738,2.68273816448781
19739,30.9672709042085
19740,7.06643698226049
19741,2.68273816448781
19742,30.9672709042085
19743,7.06643698226049
19744,2.68273816448781
19745,31.5306739128912
19746,7.47655803600026
19747,3.05167103757076
19748,30.9672709042085
19749,7.06643698226049
19750,2.68273816448781
19751,39.9658703717111
19752,9.54920083893936
19753,6.23950754992966
19754,30.9672709042085
19755,7.06643698226049
19756,2.68273816448781
19757,30.9672709042085
19758,7.06643698226049
19759,2.68273816448781
19760,30.9672709042085
19761,7.06643698226049
19762,2.68273816448781
19763,30.9672709042085
19764,7.06643698226049
19765,2.68273816448781
19766,36.565622881164
19767,3.55177093644629
19768,3.33970153796149
19769,5.33180396375424
19770,5.50023269384634
19771,4.78972186165854
19772,5.69987616392739
19773,33.4556512848348
19774,9.14978423114226
19775,3.76833466326517
19776,3.25320151949733
19777,3.25320151949733
19778,3.25320151949733
19779,4.53250789312811
19780,26.9081918060053
19781,3.27151183008976
19782,5.29935867615653
19783,4.16536169855501
19784,5.53431434750942
19785,3.74901671446542
19786,6.81116685429875
19787,7.53622637057801
19788,4.88291248754841
19789,7.24614374140285
19790,5.75285930732689
19791,8.32311878792396
19792,21.5699147373633
19793,4.78431784695592
19794,5.760759716022
19795,33.7382703809942
19796,8.89067102779568
19797,4.56023455235034
19798,5.52956633624717
19799,22.1564722424836
19800,20.2279566092715
19801,17.0833347594899
19802,8.7383750812747
19803,7.46337402144269
19804,5.74288783841192
19805,4.57005698138692
19806,4.02966654637573
19807,38.0199856876309
19808,27.1840877538023
19809,25.235405393962
19810,18.1496153472155
19811,15.2630719512974
19812,10.9019041204466
19813,6.29671040271949
19814,16.2950311758446
19815,10.3779213440674
19816,8.71709500150244
19817,6.40920438785833
19818,5.25747140499852
19819,4.84643847690083
19820,30.269588510944
19821,17.9028350340987
19822,14.3339782167222
19823,11.6987837698914
19824,7.46676343618581
19825,6.80303082838866
19826,30.269588510944
19827,17.9028350340987
19828,14.3339782167222
19829,11.6987837698914
19830,7.46676343618581
19831,6.80303082838866
19832,28.0438349246541
19833,24.535464703824
19834,21.8827719599021
19835,13.7440367149603
19836,6.76333702411805
19837,5.20661478974533
19838,16.2950311758446
19839,10.3779213440674
19840,8.71709500150244
19841,6.40920438785833
19842,5.25747140499852
19843,4.84643847690083
19844,28.0438349246541
19845,24.535464703824
19846,21.8827719599021
19847,13.7440367149603
19848,6.76333702411805
19849,5.20661478974533
19850,57.6477312528
19851,37.9321169802269
19852,29.8986608904363
19853,17.030442690019
19854,15.8290250743493
19855,7.9773040274007
19856,16.2950311758446
19857,10.3779213440674
19858,8.71709500150244
19859,6.40920438785833
19860,5.25747140499852
19861,4.84643847690083
19862,19.5301606201925
19863,178.036631936042
19864,108.610474582043
19865,85.2092543785455
19866,78.4554103148103
19867,51.5245006005274
19868,7.73346043865652
19869,29.5696495539299
19870,5.18014464984872
19871,5.16132863307393
19872,4.21741032956558
19873,4.21741032956558
19874,33.7382703809942
19875,8.89067102779568
19876,4.56023455235034
19877,60.4449318915297
19878,18.7964256924538
19879,6.88857000283595
19880,5.01290578026989
19881,6.97729803572519
19882,4.89947114470426
19883,33.7382703809942
19884,8.89067102779568
19885,4.56023455235034
19886,24.5222585291227
19887,13.9833305273991
19888,7.59977034450347
19889,5.50234241257195
19890,4.19515569473415
19891,3.86186715489693
19892,3.73945024181551
19893,3.65786273756978
19894,4.97981567136517
19895,4.8155515246611
19896,30.148050290052
19897,7.00389268010685
19898,2.72748362212379
19899,33.4060594523872
19900,35.5999311037406
19901,44.1728919405848
19902,44.1728919405848
19903,31.5306739128912
19904,7.47655803600026
19905,3.05167103757076
19906,31.5306739128912
19907,7.47655803600026
19908,3.05167103757076
19909,31.5306739128912
19910,7.47655803600026
19911,3.05167103757076
19912,16.2950311758446
19913,10.3779213440674
19914,8.71709500150244
19915,6.40920438785833
19916,5.25747140499852
19917,4.84643847690083
19918,6.56451667892098
19919,6.82529467767064
19920,5.61962194514152
19921,21.7505968026723
19922,5.43700259102433
19923,9.93561031679511
19924,9.30746116190724
19925,8.93817778322635
19926,8.95420683821444
19927,8.99089660656961
19928,31.5306739128912
19929,7.47655803600026
19930,3.05167103757076
19931,7.41012249518483
19932,7.41012249518483
19933,30.9672709042085
19934,7.06643698226049
19935,2.68273816448781
19936,30.9672709042085
19937,7.06643698226049
19938,2.68273816448781
19939,29.9893521404924
19940,7.19570187959132
19941,3.16387293460238
19942,40.2005741391772
19943,12.203497426644
19944,4.76344320574538
19945,11.5179256874734
19946,5.78370441374357
19947,45.4576184103951
19948,6.10413325081516
19949,33.7382703809942
19950,8.89067102779568
19951,4.56023455235034
19952,35.9946873014864
19953,5.14383549806795
19954,4.37546738296913
19955,4.24672735936969
19956,26.7234193895214
19957,16.143691754968
19958,9.61206666134122
19959,7.48045554542989
19960,6.18022618959295
19961,5.86755653509906
19962,5.69399062994721
19963,5.63664837393211
19964,24.5222585291227
19965,13.9833305273991
19966,7.59977034450347
19967,5.50234241257195
19968,4.19515569473415
19969,3.86186715489693
19970,3.73945024181551
19971,3.65786273756978
19972,24.5222585291227
19973,13.9833305273991
19974,7.59977034450347
19975,5.50234241257195
19976,4.19515569473415
19977,3.86186715489693
19978,3.73945024181551
19979,3.65786273756978
19980,31.2872110474873
19981,8.7244300072544
19982,3.97934072934754
19983,18.3707312943981
19984,5.78816821792513
19985,5.78816821792513
19986,119.197942629494
19987,119.197942629494
19988,30.9672709042085
19989,17.1554562802069
19990,7.06643698226049
19991,2.68273816448781
19992,4.08371671220818
19993,119.197942629494
19994,3.61705722701062
19995,9.34682535097979
19996,20.506604139207
19997,3.79792636817027
19998,5.66257606311524
19999,8.44301000970941
20000,31.5306739128912
20001,7.47655803600026
20002,3.05167103757076
20003,30.9672709042085
20004,7.06643698226049
20005,2.68273816448781
20006,30.9672709042085
20007,7.06643698226049
20008,2.68273816448781
20009,30.9672709042085
20010,7.06643698226049
20011,2.68273816448781
20012,30.9672709042085
20013,7.06643698226049
20014,2.68273816448781
20015,6.04568829562581
20016,6.04568829562581
20017,7.46488718921777
20018,30.9672709042085
20019,7.06643698226049
20020,2.68273816448781
20021,30.9672709042085
20022,7.06643698226049
20023,2.68273816448781
20024,4.11206479959701
20025,34.6047815488812
20026,8.52725484331579
20027,4.07006061974208
20028,34.1333581031856
20029,8.40487868270037
20030,4.15057862854027
20031,3.25320151949733
20032,31.5306739128912
20033,7.47655803600026
20034,3.05167103757076
20035,33.7382703809942
20036,8.89067102779568
20037,4.56023455235034
20038,33.7382703809942
20039,8.89067102779568
20040,4.56023455235034
20041,32.1774226598685
20042,7.09851600222826
20043,2.3903866180384
20044,31.5306739128912
20045,7.47655803600026
20046,3.05167103757076
20047,33.7382703809942
20048,8.89067102779568
20049,4.56023455235034
20050,3.39371033623724
20051,4.55228931670774
20052,4.52006395026419
20053,4.36921303095265
20054,30.9672709042085
20055,7.06643698226049
20056,2.68273816448781
20057,4.21741032956558
20058,33.4556512848348
20059,9.14978423114226
20060,3.76833466326517
20061,33.7382703809942
20062,8.89067102779568
20063,4.56023455235034
20064,6.20745246432814
20065,31.5306739128912
20066,7.47655803600026
20067,3.05167103757076
20068,24.1839530444906
20069,14.0775306801046
20070,8.032049460752
20071,6.01378803143455
20072,4.81692017366605
20073,4.56553711353257
20074,4.40744609883132
20075,4.36270506297057
20076,24.5222585291227
20077,13.9833305273991
20078,7.59977034450347
20079,5.50234241257195
20080,4.19515569473415
20081,3.86186715489693
20082,3.73945024181551
20083,3.65786273756978
20084,71.199650222958
20085,71.199650222958
20086,13.7879943361186
20087,5.25753445182706
20088,4.25809048414792
20089,8.39010523989695
20090,3.95216449594741
20091,13.9270660446486
20092,32.8117217857541
20093,9.41605069133288
20094,4.0017076280431
20095,32.8117217857541
20096,9.41605069133288
20097,4.0017076280431
20098,31.5306739128912
20099,7.47655803600026
20100,3.05167103757076
20101,31.5306739128912
20102,7.47655803600026
20103,3.05167103757076
20104,32.1774226598685
20105,7.09851600222826
20106,2.3903866180384
20107,32.9264970322945
20108,9.0087999364982
20109,3.68251458011088
20110,32.1774226598685
20111,7.09851600222826
20112,2.3903866180384
20113,5.83989852434904
20114,32.6049590935266
20115,8.45248444397244
20116,2.96756723514349
20117,31.5306739128912
20118,7.47655803600026
20119,3.05167103757076
20120,7.41012249518483
20121,49.8983822995253
20122,3.38009241604707
20123,8.41894014955325
20124,8.41894014955325
20125,33.7382703809942
20126,8.89067102779568
20127,4.56023455235034
20128,28.5790603154175
20129,6.82195242556361
20130,2.53682323414652
20131,26.9081918060053
20132,10.8548840726137
20133,10.8548840726137
20134,9.0747056611337
20135,4.75114306847009
20136,30.269588510944
20137,17.9028350340987
20138,14.3339782167222
20139,11.6987837698914
20140,7.46676343618581
20141,6.80303082838866
20142,4.83818868241033
20143,3.27151183008976
20144,4.58875747538828
20145,5.53431434750942
20146,33.7382703809942
20147,8.89067102779568
20148,4.56023455235034
20149,33.7382703809942
20150,8.89067102779568
20151,4.56023455235034
20152,18.7844100210973
20153,6.10572785191779
20154,2.96750434993594
20155,5.14383549806795
20156,18.7844100210973
20157,6.10572785191779
20158,2.96750434993594
20159,18.7844100210973
20160,6.10572785191779
20161,2.96750434993594
20162,9.4059777080847
20163,9.75828174654551
20164,33.7382703809942
20165,8.89067102779568
20166,4.56023455235034
20167,7.41012249518483
20168,31.5306739128912
20169,7.47655803600026
20170,3.05167103757076
20171,17.9316734390285
20172,17.9316734390285
20173,17.9316734390285
20174,25.8251921383923
20175,25.8251921383923
20176,3.34257431618432
20177,32.4413670538743
20178,4.62565502491742
20179,30.2135444912431
20180,8.22516888571394
20181,3.76207364342467
20182,11.3879792371686
20183,5.53431434750942
20184,6.97995521108077
20185,6.97995521108077
20186,68.6193571164495
20187,62.6087957518525
20188,68.6193571164495
20189,8.39040680613581
20190,5.61741895088063
20191,16.3933881021206
20192,16.5949476079844
20193,31.5306739128912
20194,7.47655803600026
20195,3.05167103757076
20196,13.3077582000307
20197,17.6771327086949
20198,55.4483366454385
20199,16.835703173181
20200,16.5797580643789
20201,3.25320151949733
20202,16.7034736470027
20203,31.5306739128912
20204,7.47655803600026
20205,3.05167103757076
20206,30.9672709042085
20207,7.06643698226049
20208,2.68273816448781
20209,30.9672709042085
20210,7.06643698226049
20211,2.68273816448781
20212,31.5306739128912
20213,7.47655803600026
20214,3.05167103757076
20215,33.4639332432522
20216,34.6063446684143
20217,18.345466048434
20218,35.4402881125213
20219,9.00141227655139
20220,8.86453387576017
20221,8.5344303098582
20222,8.42804457463195
20223,10.9484506094177
20224,5.59848023522392
20225,11.6512260339758
20226,19.8391457311674
20227,9.75828174654551
20228,69.4702346447242
20229,75.145206139448
20230,3.25320151949733
20231,4.9590117327584
20232,31.5306739128912
20233,7.47655803600026
20234,3.05167103757076
20235,61.4937042074184
20236,6.32787708129163
20237,5.95011731000148
20238,21.3821637972404
20239,13.3255791705693
20240,11.011364831755
20241,7.735409521319
20242,5.96617296296234
20243,5.30762483086309
20244,6.22627611765347
20245,33.7382703809942
20246,8.89067102779568
20247,4.56023455235034
20248,33.7382703809942
20249,8.89067102779568
20250,4.56023455235034
20251,33.7382703809942
20252,8.89067102779568
20253,4.56023455235034
20254,18.7092708548107
20255,22.1613479569304
20256,18.2574280691808
20257,19.5770822182871
20258,121.72255555147
20259,78.5199769236848
20260,55.8830806334282
20261,26.6555270593221
20262,15.0568800934218
20263,11.6193139015129
20264,7.93485942574133
20265,114.758792361974
20266,114.758792361974
20267,114.758792361974
20268,71.3343587119826
20269,45.453461621142
20270,16.5949476079844
20271,16.372102425876
20272,8.69441727741695
20273,19.4250233141367
20274,31.5306739128912
20275,7.47655803600026
20276,3.05167103757076
20277,36.4692929578103
20278,26.7927488562867
20279,25.9106689670395
20280,23.6677719159234
20281,13.4730713844553
20282,7.35431232085649
20283,5.33720752530982
20284,4.07969190527036
20285,3.77259940659973
20286,3.64246097809706
20287,3.58003058385868
20288,3.27151183008976
20289,23.6677719159234
20290,13.4730713844553
20291,7.35431232085649
20292,5.33720752530982
20293,4.07969190527036
20294,3.77259940659973
20295,3.64246097809706
20296,3.58003058385868
20297,23.6677719159234
20298,13.4730713844553
20299,7.35431232085649
20300,5.33720752530982
20301,4.07969190527036
20302,3.77259940659973
20303,3.64246097809706
20304,3.58003058385868
20305,6.85744512917101
20306,27.5317694126003
20307,7.02571606170317
20308,3.27814860891599
20309,33.7382703809942
20310,8.89067102779568
20311,4.56023455235034
20312,33.7382703809942
20313,8.89067102779568
20314,4.56023455235034
20315,24.825085099917
20316,5.29491827934993
20317,1.64843677796917
20318,2.47067883659244
20319,5.53431434750942
20320,5.53431434750942
20321,6.62569429925502
20322,3.09317214392399
20323,3.09317214392399
20324,3.25320151949733
20325,23.8739849956931
20326,9.39232378556629
20327,33.3655805211495
20328,9.3984417326953
20329,4.07365899478551
20330,33.3655805211495
20331,9.3984417326953
20332,4.07365899478551
20333,31.5306739128912
20334,7.47655803600026
20335,3.05167103757076
20336,33.4556512848348
20337,9.14978423114226
20338,3.76833466326517
20339,15.4306136116005
20340,31.8164161061914
20341,7.04931302151729
20342,2.56984012947288
20343,34.8030610785674
20344,10.9747783818334
20345,7.41210530347006
20346,31.5306739128912
20347,7.47655803600026
20348,3.05167103757076
20349,26.775737135277
20350,34.6063446684143
20351,4.40215886126878
20352,25.8491185709065
20353,52.6684436103073
20354,50.7430421990549
20355,45.8584971619789
20356,30.5211504994069
20357,14.6164392462498
20358,6.23752456984743
20359,52.6684436103073
20360,50.7430421990549
20361,45.8584971619789
20362,30.5211504994069
20363,14.6164392462498
20364,6.23752456984743
20365,52.6684436103073
20366,50.7430421990549
20367,45.8584971619789
20368,30.5211504994069
20369,14.6164392462498
20370,6.23752456984743
20371,16.0368526975229
20372,10.8439211024029
20373,9.48055085676619
20374,8.89468080930605
20375,7.16211598569811
20376,4.96094504788215
20377,195.067888485371
20378,177.195614737258
20379,163.641813265523
20380,85.4673434466921
20381,25.1431074308215
20382,12.2585713378473
20383,195.067888485371
20384,177.195614737258
20385,163.641813265523
20386,85.4673434466921
20387,25.1431074308215
20388,12.2585713378473
20389,52.6684436103073
20390,50.7430421990549
20391,45.8584971619789
20392,30.5211504994069
20393,14.6164392462498
20394,6.23752456984743
20395,33.7382703809942
20396,8.89067102779568
20397,4.56023455235034
20398,33.7382703809942
20399,8.89067102779568
20400,4.56023455235034
20401,31.5306739128912
20402,7.47655803600026
20403,3.05167103757076
20404,33.7382703809942
20405,8.89067102779568
20406,4.56023455235034
20407,5.08103101828043
20408,19.4132063161005
20409,23.1631950253442
20410,4.40215886126878
20411,4.40215886126878
20412,3.47088607974751
20413,8.43116576791461
20414,18.4586498231092
20415,28.5790603154175
20416,6.82195242556361
20417,2.86770958706736
20418,38.5379180996025
20419,38.7339870162577
20420,9.38841558918145
20421,3.72463089327511
20422,6.00326504786605
20423,6.00326504786605
20424,43.560250941727
20425,5.0531579697864
20426,4.99456245703916
20427,68.0483264282294
20428,7.29224806890708
20429,13.0224503185701
20430,13.0224503185701
20431,33.3655805211495
20432,9.40557993982516
20433,4.06879595555291
20434,24.9142803234015
20435,5.30918722836344
20436,3.25320151949733
20437,31.5306739128912
20438,7.47655803600026
20439,3.05167103757076
20440,5.53431434750942
20441,5.53431434750942
20442,5.53431434750942
20443,7.41012249518483
20444,12.8231975121489
20445,33.7382703809942
20446,8.89067102779568
20447,4.56023455235034
20448,31.5306739128912
20449,7.47655803600026
20450,3.05167103757076
20451,33.7382703809942
20452,8.89067102779568
20453,4.56023455235034
20454,31.7576093262861
20455,8.16649666408566
20456,3.00587880704774
20457,184.030780001747
20458,347.312267112898
20459,31.5306739128912
20460,7.47655803600026
20461,3.05167103757076
20462,32.181296230127
20463,8.73545169015211
20464,4.44918061405607
20465,3.80689712857231
20466,6.88403457679981
20467,4.22380319303277
20468,19.2738832558631
20469,3.19596752218975
20470,6.30337381414731
20471,36.2851145565089
20472,139.480996384358
20473,67.0643752833394
20474,56.3203034140104
20475,19.353338233319
20476,18.9144597678971
20477,16.5135379838141
20478,18.7534507220331
20479,9.0747056611337
20480,35.3380730428105
20481,28.0636017952696
20482,42.9976763315398
20483,35.9353299634788
20484,30.3695222648186
20485,28.6182533080669
20486,23.3032068264841
20487,21.0421969263201
20488,7.81123788910075
20489,9.7511932421979
20490,5.89018428226717
20491,5.74905776507093
20492,4.12992347747843
20493,4.25687713340874
20494,43.4130675234879
20495,36.7645234048005
20496,28.9111391889318
20497,26.2724842783193
20498,24.1148567867055
20499,7.88152687614775
20500,5.13570939362602
20501,23.0505377872456
20502,21.1333317954729
20503,31.5306739128912
20504,7.47655803600026
20505,3.05167103757076
20506,44.2134862978453
20507,5.8709268311707
20508,33.3655805211495
20509,9.40557993982516
20510,4.06879595555291
20511,2.71492491265806
20512,3.34257431618432
20513,8.10058526981336
20514,6.26981319754058
20515,6.89003788369561
20516,14.9123766365274
20517,9.82416360554322
20518,20.3370841283743
20519,16.3171098358903
20520,16.8906203545915
20521,12.3595337721356
20522,35.4879421068979
20523,10.401161564698
20524,4.91019485228262
20525,12.2318872141807
20526,3.22156930535694
20527,2.76017608950069
20528,2.82196376646282
20529,12.2318872141807
20530,3.27151183008976
20531,2.45548459091716
20532,19.701284558947
20533,33.7382703809942
20534,8.89067102779568
20535,4.56023455235034
20536,33.7382703809942
20537,8.89067102779568
20538,4.56023455235034
20539,33.7382703809942
20540,8.89067102779568
20541,4.56023455235034
20542,33.7382703809942
20543,8.89067102779568
20544,4.56023455235034
20545,33.7382703809942
20546,8.89067102779568
20547,4.56023455235034
20548,5.96910013387552
20549,4.49437341861384
20550,18.0561360498418
20551,12.7222069616447
20552,11.1050272355615
20553,8.5964601415131
20554,16.3481408943429
20555,9.51516733805475
20556,9.51516733805475
20557,3.27151183008976
20558,33.3327169301848
20559,11.6077422955486
20560,2.53431352603005
20561,5.94686670853838
20562,5.94686670853838
20563,33.222551138736
20564,8.64811772799099
20565,3.30841222650694
20566,33.222551138736
20567,8.64811772799099
20568,3.30841222650694
20569,8.87943850925754
20570,30.9672709042085
20571,7.06643698226049
20572,2.68273816448781
20573,31.5306739128912
20574,7.47655803600026
20575,3.05167103757076
20576,31.5306739128912
20577,7.47655803600026
20578,3.05167103757076
20579,7.41012249518483
20580,7.9499193114554
20581,33.9440081204329
20582,19.3022255549122
20583,33.9440081204329
20584,19.3022255549122
20585,30.148050290052
20586,7.00389268010685
20587,2.72748362212379
20588,4.31371243979308
20589,33.7382703809942
20590,8.89067102779568
20591,4.56023455235034
20592,33.7382703809942
20593,8.89067102779568
20594,4.56023455235034
20595,30.4329119463379
20596,6.51717499670817
20597,2.19959381708041
20598,12.0175978669071
20599,12.0175978669071
20600,12.0175978669071
20601,28.5790603154175
20602,6.82195242556361
20603,2.86770958706736
20604,33.4556512848348
20605,9.14978423114226
20606,3.76833466326517
20607,33.4556512848348
20608,9.14978423114226
20609,3.76833466326517
20610,33.4556512848348
20611,9.14978423114226
20612,3.76833466326517
20613,33.7382703809942
20614,8.89067102779568
20615,4.56023455235034
20616,33.7382703809942
20617,8.89067102779568
20618,4.56023455235034
20619,33.4556512848348
20620,9.14978423114226
20621,3.76833466326517
20622,33.4556512848348
20623,9.14978423114226
20624,3.76833466326517
20625,33.4556512848348
20626,9.14978423114226
20627,3.76833466326517
20628,33.7382703809942
20629,8.89067102779568
20630,4.56023455235034
20631,33.7382703809942
20632,8.89067102779568
20633,4.56023455235034
20634,33.7382703809942
20635,8.89067102779568
20636,4.56023455235034
20637,33.7382703809942
20638,8.89067102779568
20639,4.56023455235034
20640,33.7382703809942
20641,8.89067102779568
20642,4.56023455235034
20643,33.7382703809942
20644,8.89067102779568
20645,4.56023455235034
20646,33.4556512848348
20647,9.14978423114226
20648,3.76833466326517
20649,33.4556512848348
20650,9.14978423114226
20651,3.76833466326517
20652,33.7382703809942
20653,8.89067102779568
20654,4.56023455235034
20655,33.7382703809942
20656,8.89067102779568
20657,4.56023455235034
20658,33.7382703809942
20659,8.89067102779568
20660,4.56023455235034
20661,33.7382703809942
20662,8.89067102779568
20663,4.56023455235034
20664,33.7382703809942
20665,8.89067102779568
20666,4.56023455235034
20667,33.7382703809942
20668,8.89067102779568
20669,4.56023455235034
20670,28.5790603154175
20671,6.82195242556361
20672,2.86770958706736
20673,9.2470669342482
20674,28.5790603154175
20675,6.82195242556361
20676,2.86770958706736
20677,4.22290939374195
20678,4.53250789312811
20679,4.03745056561754
20680,4.03745056561754
20681,224.373132127336
20682,128.921023983832
20683,56.2824853082954
20684,5.72835535783852
20685,57.8997987087536
20686,18.4560648118334
20687,5.70925677931525
20688,27.9804239777891
20689,15.7344808101633
20690,56.1493093683083
20691,56.5519267201259
20692,36.7120867214348
20693,30.2135444912431
20694,8.22516888571394
20695,3.76207364342467
20696,6.7043318381753
20697,3.76970167053373
20698,6.21915882192251
20699,29.6733072714611
20700,31.8997154232365
20701,9.15917985594903
20702,3.89924614931681
20703,23.6809012625788
20704,4.24672735936969
20705,3.98070079180277
20706,11.6263907587915
20707,4.99953254727449
20708,31.5306739128912
20709,7.47655803600026
20710,3.05167103757076
20711,30.2285964609528
20712,7.24959264745883
20713,3.02771458605193
20714,30.2285964609528
20715,7.24959264745883
20716,3.02771458605193
20717,30.2285964609528
20718,7.24959264745883
20719,3.02771458605193
20720,30.2285964609528
20721,7.24959264745883
20722,3.02771458605193
20723,30.2285964609528
20724,7.24959264745883
20725,3.02771458605193
20726,13.7262610697976
20727,36.2851145565089
20728,9.75828174654551
20729,34.6886696578889
20730,58.0300289726417
20731,58.0300289726417
20732,58.0300289726417
20733,37.9580177223827
20734,37.9580177223827
20735,37.9580177223827
20736,16.4364435118417
20737,37.9580177223827
20738,37.9580177223827
20739,37.9580177223827
20740,31.8997154232365
20741,9.15917985594903
20742,3.89924614931681
20743,166.303458565025
20744,92.4521445532355
20745,80.1694038713448
20746,50.8586686509372
20747,18.1388353179531
20748,23.3185017945271
20749,17.015772504544
20750,6.33149502137083
20751,6.00558925820317
20752,22.2450868560794
20753,22.2450868560794
20754,22.2450868560794
20755,31.5823581818899
20756,21.5859464247057
20757,4.24672735936969
20758,7.41012249518483
20759,7.41012249518483
20760,8.54308637594132
20761,8.54308637594132
20762,4.74615848688454
20763,33.7382703809942
20764,8.89067102779568
20765,4.56023455235034
20766,4.24672735936969
20767,33.7382703809942
20768,8.89067102779568
20769,4.56023455235034
20770,33.7382703809942
20771,8.89067102779568
20772,4.56023455235034
20773,33.7382703809942
20774,8.89067102779568
20775,4.56023455235034
20776,15.0392281103102
20777,2.62233354979253
20778,15.7880655436066
20779,29.8409474692294
20780,8.75495236919219
20781,4.01815298507792
20782,33.7382703809942
20783,8.89067102779568
20784,4.56023455235034
20785,5.84231436313501
20786,6.22878687917357
20787,23.6677719159234
20788,13.4730713844553
20789,7.35431232085649
20790,5.33720752530982
20791,4.07969190527036
20792,3.77259940659973
20793,3.64246097809706
20794,3.58003058385868
20795,6.05562421059075
20796,9.93440933232423
20797,33.7382703809942
20798,8.89067102779568
20799,4.56023455235034
20800,35.1891197937954
20801,44.6345765613657
20802,30.2135444912431
20803,8.22516888571394
20804,3.76207364342467
20805,30.2135444912431
20806,8.22516888571394
20807,3.76207364342467
20808,18.1370404250764
20809,31.5306739128912
20810,7.47655803600026
20811,3.05167103757076
20812,31.5306739128912
20813,7.47655803600026
20814,3.05167103757076
20815,33.4556512848348
20816,9.14978423114226
20817,3.76833466326517
20818,33.4556512848348
20819,9.14978423114226
20820,3.76833466326517
20821,38.5900709522482
20822,10.2575549646691
20823,4.79203260454651
20824,30.3897711129443
20825,6.61379108554117
20826,2.17462148430107
20827,19.4902493203678
20828,10.1873268068877
20829,8.70126965598518
20830,9.20127370454094
20831,6.18787607672224
20832,3.81946638975021
20833,65.5989982894023
20834,33.1111464454691
20835,33.4250454734177
20836,30.0054316832702
20837,10.7242240373612
20838,4.75761074273356
20839,28.6263139469607
20840,34.5267128038519
20841,9.3568830180704
20842,33.4556512848348
20843,9.14978423114226
20844,3.76833466326517
20845,20.6317485532631
20846,13.1254725790986
20847,13.2322298825997
20848,10.1413394037862
20849,31.5306739128912
20850,7.47655803600026
20851,3.05167103757076
20852,7.6214003046167
20853,7.6214003046167
20854,9.47541607119903
20855,9.47541607119903
20856,30.148050290052
20857,7.00389268010685
20858,2.72748362212379
20859,31.5306739128912
20860,7.47655803600026
20861,3.05167103757076
20862,35.4165221068608
20863,10.3957089144158
20864,5.36615476466631
20865,5.82238130986759
20866,3.27151183008976
20867,30.2135444912431
20868,8.22516888571394
20869,3.76207364342467
20870,99.3314185161068
20871,45.5953488872119
20872,44.4728263372985
20873,41.4835145880014
20874,47.0872458943414
20875,93.6059082911263
20876,42.7086732729257
20877,41.626061605712
20878,39.1507751213971
20879,44.7839986987877
20880,4.98276208686264
20881,12.4372666530634
20882,9.8373839395076
20883,8.54340539755565
20884,9.90087579881526
20885,31.5306739128912
20886,7.47655803600026
20887,3.05167103757076
20888,33.7382703809942
20889,8.89067102779568
20890,4.56023455235034
20891,33.7382703809942
20892,8.89067102779568
20893,4.56023455235034
20894,7.05516535119128
20895,21.1603709195566
20896,32.9264970322945
20897,9.0087999364982
20898,3.68251458011088
20899,32.9264970322945
20900,9.0087999364982
20901,3.68251458011088
20902,32.9264970322945
20903,9.0087999364982
20904,3.68251458011088
20905,33.7382703809942
20906,8.89067102779568
20907,4.56023455235034
20908,31.5306739128912
20909,7.47655803600026
20910,3.05167103757076
20911,31.5306739128912
20912,7.47655803600026
20913,3.05167103757076
20914,33.7382703809942
20915,8.89067102779568
20916,4.56023455235034
20917,33.7382703809942
20918,8.89067102779568
20919,4.56023455235034
20920,31.5306739128912
20921,7.47655803600026
20922,3.05167103757076
20923,3.64351586650806
20924,6.84075911749244
20925,33.7382703809942
20926,8.89067102779568
20927,4.56023455235034
20928,17.0833347594899
20929,8.7383750812747
20930,7.46337402144269
20931,5.74288783841192
20932,4.57005698138692
20933,4.02966654637573
20934,3.49908517823695
20935,17.0833347594899
20936,8.7383750812747
20937,7.46337402144269
20938,5.74288783841192
20939,4.57005698138692
20940,4.02966654637573
20941,3.49908517823695
20942,17.0833347594899
20943,8.7383750812747
20944,7.46337402144269
20945,5.74288783841192
20946,4.57005698138692
20947,4.02966654637573
20948,3.49908517823695
20949,12.1083933154027
20950,12.1083933154027
20951,3.38977144856074
20952,3.36509783045584
20953,3.36509783045584
20954,4.11867713450253
20955,3.74311067293504
20956,33.1078231717482
20957,33.4556512848348
20958,9.14978423114226
20959,3.76833466326517
20960,5.6069199066182
20961,33.7382703809942
20962,8.89067102779568
20963,4.56023455235034
20964,5.02142180093682
20965,14.9123766365274
20966,7.59536517881509
20967,4.25248410715631
20968,31.5306739128912
20969,7.47655803600026
20970,3.05167103757076
20971,3.35860656572565
20972,3.41300307327909
20973,2.14103735469914
20974,3.0743770914493
20975,3.70985119554923
20976,2.46895664502888
20977,30.9672709042085
20978,7.06643698226049
20979,2.68273816448781
20980,33.7382703809942
20981,8.89067102779568
20982,4.56023455235034
20983,3.05485526476856
20984,11.0969789028035
20985,10.9799515144091
20986,34.9372470306377
20987,29.2546425226119
20988,27.6104763304029
20989,11.1861464177783
20990,58.9496704667292
20991,42.3732587819451
20992,19.0883096336355
20993,18.9262376861371
20994,33.7382703809942
20995,8.89067102779568
20996,4.56023455235034
20997,33.7382703809942
20998,4.56023455235034
20999,6.48946009027461
21000,33.5450622527137
21001,8.19633814214035
21002,3.52071497578132
21003,33.7382703809942
21004,8.89067102779568
21005,4.56023455235034
21006,3.27151183008976
21007,17.3398390100185
21008,10.9747922892169
21009,6.8588958052193
21010,5.23656100367658
21011,53.9261317984528
21012,31.5306739128912
21013,7.47655803600026
21014,3.05167103757076
21015,33.7382703809942
21016,8.89067102779568
21017,4.56023455235034
21018,18.2465046001648
21019,26.9949483740366
21020,6.19876456646701
21021,2.18546064739699
21022,38.1828566606336
21023,8.15912027718334
21024,11.8768835107275
21025,52.0740542390233
21026,18.4070560963532
21027,122.372574003235
21028,11.0070161674725
21029,19.2671730751629
21030,13.6498126875207
21031,30.2285964609528
21032,7.24959264745883
21033,3.02771458605193
21034,30.2285964609528
21035,7.24959264745883
21036,3.02771458605193
21037,30.2285964609528
21038,7.24959264745883
21039,3.02771458605193
21040,30.2285964609528
21041,7.24959264745883
21042,3.02771458605193
21043,30.2285964609528
21044,7.24959264745883
21045,3.02771458605193
21046,30.2285964609528
21047,7.24959264745883
21048,3.02771458605193
21049,30.2285964609528
21050,7.24959264745883
21051,3.02771458605193
21052,30.2285964609528
21053,7.24959264745883
21054,3.02771458605193
21055,30.2285964609528
21056,7.24959264745883
21057,3.02771458605193
21058,30.2285964609528
21059,7.24959264745883
21060,3.02771458605193
21061,31.5306739128912
21062,7.47655803600026
21063,3.05167103757076
21064,33.6444373289625
21065,9.50553595299791
21066,3.84821740383256
21067,31.5306739128912
21068,7.47655803600026
21069,3.05167103757076
21070,31.3812469879265
21071,7.34316488424163
21072,2.91071257955839
21073,31.3812469879265
21074,7.34316488424163
21075,2.91071257955839
21076,31.3812469879265
21077,7.34316488424163
21078,2.91071257955839
21079,31.3812469879265
21080,7.34316488424163
21081,2.91071257955839
21082,59.4470085357373
21083,9.40330436994708
21084,33.5450622527137
21085,8.19633814214035
21086,3.52071497578132
21087,9.40330436994708
21088,32.9064631819929
21089,9.79083872128986
21090,4.13923482641656
21091,17.0729615363457
21092,33.7382703809942
21093,8.89067102779568
21094,4.56023455235034
21095,33.7382703809942
21096,8.89067102779568
21097,4.56023455235034
21098,7.2815601211303
21099,6.81267241293137
21100,32.9338283423709
21101,5.75285930732689
21102,66.6242499804834
21103,9.40330436994708
21104,9.40330436994708
21105,11.3752003192921
21106,10.4173729794461
21107,10.4173729794461
21108,33.7382703809942
21109,8.89067102779568
21110,4.56023455235034
21111,9.37175141188211
21112,6.32307449655599
21113,27.0963683893578
21114,10.1689540666711
21115,5.8316604144957
21116,9.40330436994708
21117,20.9597669863303
21118,66.6242499804834
21119,31.5306739128912
21120,7.47655803600026
21121,3.05167103757076
21122,35.5217263749065
21123,10.5252095678038
21124,4.07347644683261
21125,31.5306739128912
21126,7.47655803600026
21127,3.05167103757076
21128,31.5306739128912
21129,7.47655803600026
21130,3.05167103757076
21131,9.14711894202002
21132,9.40330436994708
21133,17.303495558672
21134,9.37175141188211
21135,5.88278436886478
21136,4.24672735936969
21137,6.19488050953875
21138,20.0943507906639
21139,24.5441671786686
21140,28.6586651022608
21141,6.90811946973104
21142,2.91088217658464
21143,28.6586651022608
21144,6.90811946973104
21145,2.91088217658464
21146,7.08203088638111
21147,4.62045192398397
21148,31.5306739128912
21149,7.47655803600026
21150,3.05167103757076
21151,3.25320151949733
21152,3.27151183008976
21153,33.7382703809942
21154,8.89067102779568
21155,4.56023455235034
21156,3.25320151949733
21157,41.2337409876442
21158,23.7020893383316
21159,96.3179131617554
21160,61.5992279587397
21161,54.4094555497177
21162,36.0210495505551
21163,18.8218575903456
21164,16.1397503604183
21165,16.0750556189315
21166,16.528905322487
21167,73.7194647306424
21168,40.099580868729
21169,43.9129439384658
21170,24.640757279656
21171,10.6226464773934
21172,7.14330411711689
21173,6.99508577633144
21174,7.08331550399627
21175,11.8237979309691
21176,4.54821762259734
21177,39.1908136521732
21178,28.5790603154175
21179,6.82195242556361
21180,2.86770958706736
21181,9.75828174654551
21182,12.1003755345824
21183,11.5899195914431
21184,7.08203088638111
21185,31.8997154232365
21186,9.15917985594903
21187,3.89924614931681
21188,10.6182216075201
21189,28.8092789885062
21190,28.8092789885062
21191,4.74734359072208
21192,8.18120058700122
21193,5.53431434750942
21194,5.53431434750942
21195,3.61848229662747
21196,3.61848229662747
21197,3.25320151949733
21198,5.53431434750942
21199,9.37175141188211
21200,6.32307449655599
21201,43.1598970310984
21202,43.5340488196325
21203,17.4708843638403
21204,13.0113154099645
21205,7.45074838093893
21206,36.3992936676765
21207,19.4069609331065
21208,9.98972179261529
21209,5.52029363916606
21210,4.19783952182499
21211,46.9426353489879
21212,12.8417222943747
21213,27.4317524649829
21214,30.6804297182145
21215,3.25320151949733
21216,3.25320151949733
21217,5.53431434750942
21218,5.75285930732689
21219,33.7382703809942
21220,8.89067102779568
21221,4.56023455235034
21222,33.5113729999753
21223,7.56848252407067
21224,3.66754710671837
21225,3.5174179701352
21226,4.26543473117229
21227,33.5450622527137
21228,8.19633814214035
21229,3.52071497578132
21230,8.80864121895167
21231,4.63722429172088
21232,3.63709952907768
21233,4.24672735936969
21234,10.4824784645947
21235,7.74631211278136
21236,7.81809742463375
21237,31.9198000242482
21238,55.6777849355729
21239,3.25320151949733
21240,39.6730373591804
21241,9.57721640884286
21242,175.984665144748
21243,101.470052955832
21244,71.3738584019377
21245,62.6210712888061
21246,49.0411530058294
21247,33.1650998480996
21248,33.7382703809942
21249,8.89067102779568
21250,4.56023455235034
21251,33.7382703809942
21252,8.89067102779568
21253,4.56023455235034
21254,33.7382703809942
21255,8.89067102779568
21256,4.56023455235034
21257,39.3946888160961
21258,33.7382703809942
21259,8.89067102779568
21260,4.56023455235034
21261,1.99611465101206
21262,6.81978040347231
21263,3.50822169508426
21264,25.5295487708874
21265,30.148050290052
21266,7.00389268010685
21267,2.72748362212379
21268,30.148050290052
21269,7.00389268010685
21270,2.72748362212379
21271,3.17737791419583
21272,4.2801564555344
21273,4.2801564555344
21274,4.11977701090099
21275,9.74934555651548
21276,7.02436813574223
21277,19.6197555605432
21278,33.7382703809942
21279,8.89067102779568
21280,4.56023455235034
21281,32.5575480692551
21282,8.47078441114414
21283,3.00258192515564
21284,32.6050008244125
21285,8.35603330726832
21286,2.93847055727797
21287,87.668303629367
21288,29.9893521404924
21289,7.19570187959132
21290,3.16387293460238
21291,61.6754840896443
21292,61.6754840896443
21293,7.41012249518483
21294,117.049526463309
21295,25.8264536170257
21296,23.7146654167715
21297,22.6302376879209
21298,117.049526463309
21299,25.8264536170257
21300,23.7146654167715
21301,22.6302376879209
21302,16.189256969743
21303,31.5306739128912
21304,7.47655803600026
21305,3.05167103757076
21306,30.598415235126
21307,8.74781132786492
21308,3.47834598164373
21309,31.5306739128912
21310,7.47655803600026
21311,3.05167103757076
21312,31.5306739128912
21313,7.47655803600026
21314,3.05167103757076
21315,3.83164708277744
21316,6.2317705775083
21317,5.94845098834947
21318,6.09256263024221
21319,7.24706733830259
21320,19.9027702586845
21321,3.04387938287576
21322,33.5450622527137
21323,8.19633814214035
21324,3.52071497578132
21325,33.5450622527137
21326,8.19633814214035
21327,3.52071497578132
21328,28.8092789885062
21329,9.03310330908305
21330,5.02112767586537
21331,39.6730373591804
21332,8.41912503094491
21333,33.7382703809942
21334,4.56023455235034
21335,6.48946009027461
21336,27.9679951637056
21337,5.8276628177884
21338,8.14288360332995
21339,6.86286465991412
21340,6.4436336155401
21341,5.43656352576651
21342,4.45701299098736
21343,11.954456358747
21344,4.45701299098736
21345,33.5450622527137
21346,8.19633814214035
21347,3.52071497578132
21348,33.5450622527137
21349,8.19633814214035
21350,3.52071497578132
21351,33.5450622527137
21352,8.19633814214035
21353,3.52071497578132
21354,33.5450622527137
21355,8.19633814214035
21356,3.52071497578132
21357,33.5450622527137
21358,8.19633814214035
21359,3.52071497578132
21360,33.5450622527137
21361,8.19633814214035
21362,3.52071497578132
21363,33.5450622527137
21364,8.19633814214035
21365,3.52071497578132
21366,31.3812469879265
21367,7.34316488424163
21368,2.91071257955839
21369,31.3812469879265
21370,7.34316488424163
21371,2.91071257955839
21372,31.3812469879265
21373,7.34316488424163
21374,2.91071257955839
21375,31.3812469879265
21376,7.34316488424163
21377,2.91071257955839
21378,2.64493304330712
21379,2.36306458961837
21380,2.64493304330712
21381,2.36306458961837
21382,16.961018221692
21383,30.2038672401431
21384,7.23886956632896
21385,4.49911613489377
21386,30.2038672401431
21387,7.23886956632896
21388,4.49911613489377
21389,42.962496255762
21390,31.8774307175988
21391,35.7119478895609
21392,36.0505742834011
21393,8.41912503094491
21394,11.8462524139222
21395,42.962496255762
21396,33.7382703809942
21397,8.89067102779568
21398,4.56023455235034
21399,33.7382703809942
21400,8.89067102779568
21401,4.56023455235034
21402,4.12209266217351
21403,3.06043889464518
21404,9.75828174654551
21405,11.5012633535444
21406,11.5012633535444
21407,11.5012633535444
21408,14.4534670368557
21409,3.27151183008976
21410,5.53431434750942
21411,5.53431434750942
21412,7.64599650189458
21413,3.25320151949733
21414,11.7865636623487
21415,3.25320151949733
21416,38.1867007553391
21417,14.3453261109397
21418,3.70426909967668
21419,11.5012633535444
21420,11.5012633535444
21421,33.4664092212851
21422,33.4556512848348
21423,9.14978423114226
21424,3.76833466326517
21425,13.7096302281002
21426,33.7382703809942
21427,8.89067102779568
21428,4.56023455235034
21429,33.7382703809942
21430,8.89067102779568
21431,4.56023455235034
21432,8.52494715103464
21433,33.7382703809942
21434,8.89067102779568
21435,4.56023455235034
21436,33.7382703809942
21437,8.89067102779568
21438,4.56023455235034
21439,33.8974399285002
21440,99.1010636802085
21441,58.4716553154453
21442,43.8274786342015
21443,30.148050290052
21444,7.00389268010685
21445,2.72748362212379
21446,32.8878591498209
21447,8.51973781621362
21448,4.03547871854292
21449,6.73656774074138
21450,48.7274547667373
21451,8.76053172314499
21452,14.3745874426346
21453,23.8684273219449
21454,22.6000776634493
21455,12.8845050985719
21456,13.3507832737195
21457,9.10701981947704
21458,9.44570405038654
21459,10.6990112005698
21460,26.3300431887511
21461,39.5265490372353
21462,33.1680415077027
21463,16.9954047405756
21464,29.1686069101301
21465,7.76347234226588
21466,2.95016764217194
21467,33.7382703809942
21468,4.56023455235034
21469,6.48946009027461
21470,37.3324739901589
21471,35.7262783685016
21472,3.86201352923543
21473,14.6178201943341
21474,16.1500604055397
21475,14.6698734593606
21476,7.10661313697048
21477,6.06749113562377
21478,6.38109221033179
21479,9.74241446718403
21480,33.7382703809942
21481,4.56023455235034
21482,6.48946009027461
21483,6.4381467543603
21484,9.29362097986439
21485,7.64599650189458
21486,5.56735970283288
21487,39.4748781815728
21488,45.6451433437863
21489,128.286869668547
21490,33.796236981283
21491,17.4100618824326
21492,20.1710819798616
21493,30.0840122906832
21494,8.8184057569573
21495,2.91885890142852
21496,25.0715678445615
21497,11.9458719123229
21498,15.0029778185266
21499,8.04732814235189
21500,26.0463994605059
21501,31.5306739128912
21502,7.47655803600026
21503,3.05167103757076
21504,12.4769223018792
21505,33.5450622527137
21506,8.19633814214035
21507,3.52071497578132
21508,33.5450622527137
21509,8.19633814214035
21510,3.52071497578132
21511,33.5450622527137
21512,8.19633814214035
21513,3.52071497578132
21514,33.5450622527137
21515,8.19633814214035
21516,3.52071497578132
21517,4.45701299098736
21518,4.45701299098736
21519,4.45701299098736
21520,33.5450622527137
21521,8.19633814214035
21522,3.52071497578132
21523,33.5450622527137
21524,8.19633814214035
21525,3.52071497578132
21526,20.2762208191813
21527,20.2762208191813
21528,6.95662173392389
21529,7.54699080187847
21530,7.54699080187847
21531,179.166541562328
21532,117.047774794752
21533,20.5272312887661
21534,7.20466055090068
21535,33.7382703809942
21536,8.89067102779568
21537,4.56023455235034
21538,34.2144769844127
21539,8.54113329957768
21540,3.43719953430981
21541,34.2144769844127
21542,8.54113329957768
21543,3.43719953430981
21544,34.2144769844127
21545,8.54113329957768
21546,3.43719953430981
21547,34.2144769844127
21548,8.54113329957768
21549,3.43719953430981
21550,24.2500564652529
21551,5.0374496384906
21552,34.0114253438324
21553,8.53741461397076
21554,3.49699720442808
21555,39.6524227541142
21556,13.6776128931121
21557,6.66232605931106
21558,18.1999799627491
21559,16.8714233587704
21560,61.6717914691675
21561,38.7642352316644
21562,9.01206410115778
21563,3.53857023086757
21564,31.3639337571779
21565,8.35752258037019
21566,3.21455166332298
21567,31.3639337571779
21568,8.35752258037019
21569,3.21455166332298
21570,38.7642352316644
21571,9.01206410115778
21572,3.53857023086757
21573,31.5306739128912
21574,7.47655803600026
21575,3.05167103757076
21576,27.2222216314692
21577,12.9371281270808
21578,7.21425632817915
21579,31.3639337571779
21580,8.35752258037019
21581,3.21455166332298
21582,17.7068421530831
21583,18.3246211532005
21584,8.32089617881819
21585,5.97630928894256
21586,27.0281646933524
21587,32.1819991036674
21588,48.9096712354124
21589,32.1318744252173
21590,39.6251175801569
21591,51.2013883095754
21592,10.0656144816836
21593,9.85506482100208
21594,2.69783646312328
21595,32.5728654512572
21596,7.2404083018521
21597,7.01279104941299
21598,33.5450622527137
21599,8.19633814214035
21600,3.52071497578132
21601,33.5450622527137
21602,8.19633814214035
21603,3.52071497578132
21604,33.5450622527137
21605,8.19633814214035
21606,3.52071497578132
21607,3.25320151949733
21608,16.0769073939132
21609,7.83009597551906
21610,7.83009597551906
21611,7.83009597551906
21612,29.0560523480288
21613,7.92624402325381
21614,4.1392502219949
21615,7.83009597551906
21616,7.83009597551906
21617,7.83009597551906
21618,33.7382703809942
21619,8.89067102779568
21620,4.56023455235034
21621,7.41012249518483
21622,15.6346206968716
21623,10.5077446960044
21624,3.39723313601457
21625,2.9754112622958
21626,20.8554266843935
21627,13.2019236105178
21628,18.170982875325
21629,18.170982875325
21630,10.1777247249784
21631,7.06240096634365
21632,4.57872725250573
21633,17.5816496002799
21634,10.0305899911352
21635,9.57721640884286
21636,9.57721640884286
21637,25.91595984219
21638,15.028184315404
21639,15.028184315404
21640,7.61693052156364
21641,11.5829301707864
21642,12.8578487542867
21643,9.21980026803152
21644,11.133789009436
21645,33.7382703809942
21646,4.56023455235034
21647,6.48946009027461
21648,33.7382703809942
21649,4.56023455235034
21650,6.48946009027461
21651,18.3005906049818
21652,18.3005906049818
21653,55.8784309671065
21654,40.2950457814916
21655,17.766549449245
21656,12.2813721563177
21657,8.61499897505412
21658,8.32089617881819
21659,11.3479498117546
21660,11.7506044705336
21661,28.5790603154175
21662,6.82195242556361
21663,2.86770958706736
21664,33.2683399363401
21665,7.51954119278769
21666,2.75360222744359
21667,33.5450622527137
21668,8.19633814214035
21669,3.52071497578132
21670,33.5450622527137
21671,8.19633814214035
21672,3.52071497578132
21673,33.5450622527137
21674,8.19633814214035
21675,3.52071497578132
21676,33.5450622527137
21677,8.19633814214035
21678,3.52071497578132
21679,30.6083388300355
21680,15.1065393143203
21681,32.2964328503324
21682,32.4536843800012
21683,27.4551282661489
21684,29.3286745410468
21685,25.2958490685079
21686,19.5524733455753
21687,15.9047671906741
21688,13.8532608381734
21689,6.48946009027461
21690,30.2135444912431
21691,8.22516888571394
21692,3.76207364342467
21693,8.37718564521118
21694,8.94698438366407
21695,33.5450622527137
21696,8.19633814214035
21697,3.52071497578132
21698,71.4474678813312
21699,71.4474678813312
21700,6.15877236212447
21701,4.42440793808885
21702,34.8385133323036
21703,11.2351986170841
21704,44.4541090017186
21705,20.237207887422
21706,11.4842297851089
21707,4.98445506340761
21708,30.148050290052
21709,7.00389268010685
21710,2.72748362212379
21711,23.9781333956699
21712,28.5790603154175
21713,6.82195242556361
21714,2.86770958706736
21715,13.2355692734057
21716,19.8037309553706
21717,27.6808479441415
21718,3.28753176430817
21719,29.3857246721202
21720,6.99283338225081
21721,2.95554773945066
21722,19.5117863278843
21723,33.5450622527137
21724,8.19633814214035
21725,3.52071497578132
21726,33.5450622527137
21727,8.19633814214035
21728,3.52071497578132
21729,33.5450622527137
21730,8.19633814214035
21731,3.52071497578132
21732,33.5450622527137
21733,8.19633814214035
21734,3.52071497578132
21735,6.9543771526182
21736,5.65086492891309
21737,5.42029716100147
21738,10.630793990829
21739,36.435345076669
21740,33.5450622527137
21741,8.19633814214035
21742,3.52071497578132
21743,33.5450622527137
21744,8.19633814214035
21745,3.52071497578132
21746,33.5450622527137
21747,8.19633814214035
21748,3.52071497578132
21749,190.573221643086
21750,106.4980194917
21751,77.0505038296347
21752,69.1359455530488
21753,49.5801074704598
21754,33.5450622527137
21755,8.19633814214035
21756,3.52071497578132
21757,7.12196078468795
21758,12.6866371302066
21759,8.66017544591769
21760,10.5976129991524
21761,7.24222313224179
21762,7.41049146489471
21763,6.23134950502915
21764,11.4327426836483
21765,33.5450622527137
21766,8.19633814214035
21767,3.52071497578132
21768,33.5450622527137
21769,8.19633814214035
21770,3.52071497578132
21771,33.5450622527137
21772,8.19633814214035
21773,3.52071497578132
21774,33.5450622527137
21775,8.19633814214035
21776,3.52071497578132
21777,33.5450622527137
21778,8.19633814214035
21779,3.52071497578132
21780,33.5450622527137
21781,8.19633814214035
21782,3.52071497578132
21783,33.5450622527137
21784,8.19633814214035
21785,3.52071497578132
21786,33.5450622527137
21787,8.19633814214035
21788,3.52071497578132
21789,16.7469134114589
21790,33.5450622527137
21791,8.19633814214035
21792,3.52071497578132
21793,33.5450622527137
21794,8.19633814214035
21795,3.52071497578132
21796,6.50219911832574
21797,6.50219911832574
21798,20.7317590880735
21799,20.7317590880735
21800,3.51794440818582
21801,15.0208424768156
21802,31.7732980795986
21803,9.31008952596369
21804,3.53588240337712
21805,33.5450622527137
21806,8.19633814214035
21807,3.52071497578132
21808,33.5450622527137
21809,8.19633814214035
21810,3.52071497578132
21811,176.388165396533
21812,50.0297337132302
21813,171.621521592716
21814,77.6001133384364
21815,59.0424639186812
21816,39.0766124553236
21817,11.0655230434017
21818,13.0115863816113
21819,10.9160657762501
21820,10.2720756916107
21821,6.05703184775849
21822,6.05703184775849
21823,7.61446433042595
21824,8.38416375676537
21825,32.4934026937199
21826,32.4934026937199
21827,8.09004660067623
21828,13.0883589123575
21829,6.95669323284167
21830,6.95669323284167
21831,21.2784651732202
21832,33.5450622527137
21833,8.19633814214035
21834,3.52071497578132
21835,9.57721640884286
21836,9.57721640884286
21837,9.57721640884286
21838,9.57721640884286
21839,9.57721640884286
21840,9.57721640884286
21841,9.57721640884286
21842,9.57721640884286
21843,9.57721640884286
21844,7.68675799742077
21845,33.5450622527137
21846,8.19633814214035
21847,3.52071497578132
21848,33.5450622527137
21849,8.19633814214035
21850,3.52071497578132
21851,33.5450622527137
21852,8.19633814214035
21853,3.52071497578132
21854,33.5450622527137
21855,8.19633814214035
21856,3.52071497578132
21857,33.5450622527137
21858,8.19633814214035
21859,3.52071497578132
21860,33.5450622527137
21861,8.19633814214035
21862,3.52071497578132
21863,33.5450622527137
21864,8.19633814214035
21865,3.52071497578132
21866,33.5450622527137
21867,8.19633814214035
21868,3.52071497578132
21869,33.5450622527137
21870,8.19633814214035
21871,3.52071497578132
21872,33.5450622527137
21873,49.1271323385604
21874,8.19633814214035
21875,11.4513735763121
21876,3.52071497578132
21877,6.33930533733125
21878,33.5450622527137
21879,8.19633814214035
21880,3.52071497578132
21881,33.5450622527137
21882,8.19633814214035
21883,3.52071497578132
21884,15.4933964012874
21885,33.5450622527137
21886,8.19633814214035
21887,3.52071497578132
21888,52.6344812285644
21889,34.7231126597262
21890,44.3587711817048
21891,12.7051964422601
21892,6.29247014072196
21893,5.92088817805164
21894,6.6940334501774
21895,33.5450622527137
21896,8.19633814214035
21897,3.52071497578132
21898,10.8015105375124
21899,7.44418675070429
21900,8.71615001059952
21901,13.8144149210571
21902,33.5450622527137
21903,8.19633814214035
21904,3.52071497578132
21905,33.5450622527137
21906,8.19633814214035
21907,3.52071497578132
21908,4.79976358592045
21909,6.40360376432993
21910,6.40360376432993
21911,6.40360376432993
21912,13.8144149210571
21913,33.5450622527137
21914,8.19633814214035
21915,3.52071497578132
21916,33.5450622527137
21917,8.19633814214035
21918,3.52071497578132
21919,4.21164077598459
21920,8.55617245346593
21921,10.943367688313
21922,10.943367688313
21923,20.9809711426287
21924,50.629538547519
21925,28.7507230925571
21926,7.47971847359945
21927,7.47971847359945
21928,13.5329602538477
21929,52.6344812285644
21930,6.1425510506563
21931,16.0034213205878
21932,33.5450622527137
21933,8.19633814214035
21934,3.52071497578132
21935,33.5450622527137
21936,8.19633814214035
21937,3.52071497578132
21938,33.7382703809942
21939,4.56023455235034
21940,6.48946009027461
21941,33.5450622527137
21942,8.19633814214035
21943,3.52071497578132
21944,33.5450622527137
21945,8.19633814214035
21946,3.52071497578132
21947,36.8433449077294
21948,7.02937898670094
21949,23.6006723134384
21950,11.391246436646
21951,10.0245576062422
21952,33.5450622527137
21953,8.19633814214035
21954,3.52071497578132
21955,7.76030645655628
21956,13.8144149210571
21957,7.44418675070429
21958,7.44418675070429
21959,7.44418675070429
21960,7.44418675070429
21961,51.1112870194896
21962,38.3367055944927
21963,8.78168997858534
21964,99.0687777582296
21965,4.99230194807724
21966,35.2893639427972
21967,8.25517405011363
21968,8.25517405011363
21969,58.875175715179
21970,58.875175715179
21971,58.875175715179
21972,46.5642476419028
21973,12.6979270318607
21974,5.85319929813395
21975,5.8276628177884
21976,66.8694048326237
21977,24.2302112156901
21978,24.2302112156901
21979,24.2302112156901
21980,24.2302112156901
21981,7.83009597551906
21982,36.2428969688346
21983,30.2135444912431
21984,8.22516888571394
21985,3.76207364342467
21986,30.2135444912431
21987,8.22516888571394
21988,3.76207364342467
21989,9.21605373048065
21990,33.7382703809942
21991,4.56023455235034
21992,6.48946009027461
21993,13.0243132079844
21994,8.12566966527761
21995,6.96965531657225
21996,44.8241978601203
21997,36.7575904182341
21998,38.3244456735496
21999,33.514583067328
22000,31.5508766785056
22001,20.2166240833526
22002,7.3865392096073
22003,5.15262442971541
22004,6.17884821956128
22005,24.284421313169
22006,20.4197472411026
22007,7.07565749557413
22008,30.148050290052
22009,7.00389268010685
22010,2.72748362212379
22011,35.2614363745858
22012,35.2614363745858
22013,44.4130387446921
22014,76.4713389213942
22015,3.6728170555927
22016,11.2767499922259
22017,28.5790603154175
22018,6.82195242556361
22019,2.86770958706736
22020,30.3819662162044
22021,8.24784998520017
22022,3.69552232674056
22023,34.0753328766991
22024,10.8835786364997
22025,5.57348344493234
22026,28.8200882152483
22027,7.18447846503398
22028,3.16657782210007
22029,18.6476761658119
22030,7.69548841033941
22031,3.60546426677653
22032,29.110983888922
22033,8.53037116377239
22034,18.6240300710796
22035,34.8918348383617
22036,26.7798316768286
22037,14.9827589882808
22038,50.2487171714924
22039,53.0661529130941
22040,44.0651206764484
22041,20.7156115376494
22042,12.0103891183205
22043,6.9959444573053
22044,30.0303782756668
22045,24.1934896596405
22046,22.856947121825
22047,16.739122272732
22048,14.759425616087
22049,13.8842317346723
22050,17.7529122532391
22051,12.5781139566052
22052,6.12597905793143
22053,176.51262773678
22054,149.645323319106
22055,134.568537230387
22056,71.5407763134395
22057,15.8220175666778
22058,8.825204645089
22059,176.51262773678
22060,149.645323319106
22061,134.568537230387
22062,71.5407763134395
22063,15.8220175666778
22064,8.825204645089
22065,176.51262773678
22066,149.645323319106
22067,134.568537230387
22068,71.5407763134395
22069,15.8220175666778
22070,8.825204645089
22071,38.7688743320961
22072,15.5334679400291
22073,11.0519070300256
22074,8.66865318850987
22075,6.46370094534367
22076,6.1299528003809
22077,38.7688743320961
22078,15.5334679400291
22079,11.0519070300256
22080,8.66865318850987
22081,6.46370094534367
22082,6.1299528003809
22083,18.4795279222156
22084,3.12774351580487
22085,3.12774351580487
22086,6.73961914156241
22087,30.148050290052
22088,7.00389268010685
22089,2.72748362212379
22090,30.148050290052
22091,7.00389268010685
22092,2.72748362212379
22093,30.148050290052
22094,7.00389268010685
22095,2.72748362212379
22096,3.7099772851502
22097,42.3985433846323
22098,9.10118149520756
22099,9.10701981947704
22100,48.2020523276163
22101,8.77573975226162
22102,28.5790603154175
22103,6.82195242556361
22104,2.86770958706736
22105,28.5790603154175
22106,6.82195242556361
22107,2.86770958706736
22108,6.04688878055504
22109,28.5790603154175
22110,6.82195242556361
22111,2.86770958706736
22112,28.5790603154175
22113,6.82195242556361
22114,2.86770958706736
22115,11.2040366617093
22116,4.57017056406644
22117,19.302122663072
22118,4.77177503184132
22119,10.4384100481713
22120,45.3240799885256
22121,35.8072317373058
22122,1.55065081634886
22123,69.524104497141
22124,6.38739625604238
22125,6.93530073580957
22126,30.2135444912431
22127,8.22516888571394
22128,3.76207364342467
22129,6.64808934602668
22130,6.64808934602668
22131,10.6924235051737
22132,30.148050290052
22133,7.00389268010685
22134,2.72748362212379
22135,30.148050290052
22136,7.00389268010685
22137,2.72748362212379
22138,13.4940766682432
22139,5.96094244892428
22140,4.94380202424385
22141,5.96094244892428
22142,4.94380202424385
22143,5.96094244892428
22144,5.96094244892428
22145,5.96094244892428
22146,5.96094244892428
22147,5.96094244892428
22148,4.94380202424385
22149,5.96094244892428
22150,4.94380202424385
22151,5.96094244892428
22152,4.94380202424385
22153,5.96094244892428
22154,4.94380202424385
22155,5.96094244892428
22156,4.94380202424385
22157,5.81121311641045
22158,4.97249416694951
22159,57.4164685490352
22160,11.2992019882786
22161,11.4270792047958
22162,23.6463634646227
22163,7.7255145563954
22164,54.8906059646992
22165,3.92009888283866
22166,35.2343713459081
22167,34.3602281423807
22168,38.1688200534871
22169,25.4236120883568
22170,13.6447897934496
22171,5.32634805429779
22172,4.5001630820861
22173,9.13278753308994
22174,5.2404569796157
22175,9.70791022851833
22176,10.0288749909583
22177,2.84589049539198
22178,5.02376387884761
22179,5.02376387884761
22180,5.02376387884761
22181,259.649165499252
22182,138.429890819713
22183,101.451657165992
22184,92.4466132791474
22185,76.0936532946052
22186,7.14005592144774
22187,5.02376387884761
22188,14.0580866325242
22189,7.44909558800629
22190,30.148050290052
22191,7.00389268010685
22192,2.72748362212379
22193,30.148050290052
22194,7.00389268010685
22195,2.72748362212379
22196,30.148050290052
22197,7.00389268010685
22198,2.72748362212379
22199,9.61897558888902
22200,9.61897558888902
22201,26.97066202053
22202,9.13278753308994
22203,5.2404569796157
22204,9.13278753308994
22205,4.26303983096032
22206,4.44926561589621
22207,8.08372683755045
22208,8.08372683755045
22209,82.3814328154433
22210,5.42029716100147
22211,5.42029716100147
22212,5.42029716100147
22213,5.42029716100147
22214,4.62249161341672
22215,4.62249161341672
22216,4.62249161341672
22217,39.1718440448107
22218,17.4117542494318
22219,8.17921235427465
22220,33.5450622527137
22221,8.19633814214035
22222,3.52071497578132
22223,10.6867639470902
22224,35.3008512189406
22225,35.3008512189406
22226,16.6782344057319
22227,25.463668185544
22228,27.5415652606141
22229,27.5415652606141
22230,62.8878700413064
22231,62.8878700413064
22232,17.4107190188582
22233,15.0198924442721
22234,11.6598850267727
22235,33.5450622527137
22236,8.19633814214035
22237,3.52071497578132
22238,12.0050287706364
22239,30.0126656388399
22240,92.0021943926909
22241,5.76386364943088
22242,5.72646922526014
22243,7.45583965508032
22244,38.0174742329745
22245,12.5840706995395
22246,10.6098996325827
22247,2.3598610607297
22248,52.4238621378454
22249,8.83067664136405
22250,4.62249161341672
22251,27.3710478155735
22252,17.4269193966091
22253,3.56867022302133
22254,4.12128163587545
22255,6.75379189667803
22256,6.75379189667803
22257,30.148050290052
22258,7.00389268010685
22259,2.72748362212379
22260,18.871556181828
22261,6.81960027003037
22262,6.81960027003037
22263,6.81960027003037
22264,5.02376387884761
22265,5.04188439113313
22266,7.88885436807183
22267,7.88885436807183
22268,14.1014041160332
22269,9.05616985728293
22270,7.14005592144774
22271,6.70097179990125
22272,1.60148284671106
22273,9.80187893146961
22274,9.80187893146961
22275,15.5631293227788
22276,6.12084631885408
22277,16.2955856586671
22278,7.25760486664824
22279,4.07393978827376
22280,8.66017544591769
22281,53.3568375458324
22282,27.1257118838889
22283,11.8216648427858
22284,27.1257118838889
22285,11.8216648427858
22286,8.78630485389017
22287,13.9806450959055
22288,6.41925617773074
22289,23.1474847745572
22290,13.0102825902917
22291,7.55204706131102
22292,41.2322474294437
22293,41.2322474294437
22294,7.2055517780194
22295,2.96234044450298
22296,8.1312328125054
22297,11.728528564983
22298,20.8554266843935
22299,20.8554266843935
22300,20.8395891369675
22301,25.8066180527733
22302,22.4583223955989
22303,12.9990606836635
22304,12.3660715783415
22305,9.80873503653906
22306,6.36887173508563
22307,12.8484349111476
22308,12.8484349111476
22309,31.7427940960997
22310,31.7427940960997
22311,12.9707251542917
22312,3.48671282563077
22313,3.12774351580487
22314,31.7427940960997
22315,12.9707251542917
22316,10.9499419846764
22317,10.9499419846764
22318,5.25321911550129
22319,7.43610296586043
22320,28.5790603154175
22321,6.82195242556361
22322,2.86770958706736
22323,28.5790603154175
22324,6.82195242556361
22325,2.86770958706736
22326,7.0897919947178
22327,28.0058219013488
22328,28.0058219013488
22329,14.0064294539346
22330,6.97384987161459
22331,5.79596610155591
22332,5.79596610155591
22333,144.878895949136
22334,68.6375970706773
22335,42.498117089182
22336,18.3708377932389
22337,4.73241446375995
22338,33.9053180707239
22339,48.2908925257766
22340,16.9938578573322
22341,17.0655924213994
22342,17.0655924213994
22343,17.3344709354233
22344,7.64747410822622
22345,5.26244976613165
22346,7.64747410822622
22347,5.26244976613165
22348,7.64747410822622
22349,5.26244976613165
22350,15.8752923811847
22351,6.12911734568038
22352,4.97222224128155
22353,27.9073510372031
22354,5.96094244892428
22355,4.94380202424385
22356,5.8405640726425
22357,7.16704753449105
22358,4.59886210708493
22359,5.71112842021714
22360,5.71112842021714
22361,5.71112842021714
22362,5.71112842021714
22363,5.71112842021714
22364,26.6918806218001
22365,6.07130183752877
22366,11.0769498495595
22367,5.71112842021714
22368,6.21038460522797
22369,6.21038460522797
22370,6.21038460522797
22371,6.21038460522797
22372,6.21038460522797
22373,6.21038460522797
22374,6.21038460522797
22375,8.52245497994347
22376,6.21038460522797
22377,5.26740151072831
22378,5.26740151072831
22379,5.26740151072831
22380,5.26740151072831
22381,5.52751159279354
22382,5.26740151072831
22383,5.52751159279354
22384,9.6166087229045
22385,7.36278907381468
22386,37.1023270028062
22387,21.4092276129763
22388,5.96094244892428
22389,4.94380202424385
22390,5.96094244892428
22391,13.0994196161129
22392,24.3580784531451
22393,7.78099540747277
22394,6.58346380580683
22395,6.58346380580683
22396,6.58346380580683
22397,7.64747410822622
22398,5.26244976613165
22399,7.64747410822622
22400,5.26244976613165
22401,7.36117984560491
22402,4.91078804243086
22403,5.83929522520663
22404,5.83929522520663
22405,5.83929522520663
22406,5.96094244892428
22407,4.94380202424385
22408,5.96094244892428
22409,4.94380202424385
22410,6.58346380580683
22411,5.2259999969849
22412,5.96094244892428
22413,7.16704753449105
22414,4.59886210708493
22415,5.27776144705921
22416,5.74558656881561
22417,5.27776144705921
22418,5.83929522520663
22419,5.83929522520663
22420,5.83929522520663
22421,5.83929522520663
22422,6.58346380580683
22423,5.2259999969849
22424,24.4394028681978
22425,18.5538699574949
22426,17.860174004547
22427,30.2135444912431
22428,8.22516888571394
22429,3.76207364342467
22430,18.3256238369999
22431,18.3256238369999
22432,17.860174004547
22433,30.2135444912431
22434,8.22516888571394
22435,3.76207364342467
22436,30.2135444912431
22437,8.22516888571394
22438,3.76207364342467
22439,18.3832020593729
22440,20.6108561013208
22441,44.3996038022508
22442,6.23261170677967
22443,5.50904226583487
22444,37.5514777546848
22445,20.309085042706
22446,12.3896138174734
22447,10.2548438595831
22448,6.31001199672087
22449,7.79662971372138
22450,7.02947113597602
22451,30.2135444912431
22452,4.95666744299362
22453,19.0400453439897
22454,19.0400453439897
22455,16.2577106489007
22456,47.589694170496
22457,23.8684273219449
22458,43.4609289022747
22459,6.52332997671953
22460,4.93368809252229
22461,13.6796828939396
22462,13.6796828939396
22463,13.9916153844746
22464,13.6796828939396
22465,13.9916153844746
22466,19.7111144220817
22467,7.16704753449105
22468,4.59886210708493
22469,5.96094244892428
22470,4.94380202424385
22471,5.96094244892428
22472,4.94380202424385
22473,7.64747410822622
22474,5.26244976613165
22475,9.5915315272365
22476,40.3231860546661
22477,9.85300162628044
22478,24.0570544490371
22479,8.11677512458832
22480,13.7551633625079
22481,6.75379189667803
22482,10.381570890504
22483,17.860174004547
22484,51.7428068427877
22485,20.2803828916568
22486,20.8397600421071
22487,15.571531867515
22488,12.0990765471627
22489,11.811573418671
22490,11.6493598567132
22491,7.26302182104209
22492,11.9731261820991
22493,10.6993956347639
22494,7.50376132794834
22495,12.4618893707724
22496,10.5307426291152
22497,9.98891617289935
22498,10.5307426291152
22499,12.5426045083267
22500,39.241563480578
22501,10.4956077871688
22502,33.0678849501998
22503,12.3070961053028
22504,7.6787446855994
22505,6.83455811807387
22506,23.1474847745572
22507,12.562789196236
22508,24.0093686602684
22509,20.8753631632234
22510,25.9805082308595
22511,28.441248364408
22512,4.38360039189414
22513,5.67874620956497
22514,6.46103118181869
22515,6.46103118181869
22516,5.5843061412099
22517,10.4206144747088
22518,10.4206144747088
22519,8.90859813043247
22520,3.56867022302133
22521,3.01381264120876
22522,3.01381264120876
22523,28.5639652567238
22524,28.809895365897
22525,11.2756392906756
22526,6.8128778608977
22527,7.49225773948428
22528,38.8589552493877
22529,35.953005445152
22530,11.0591784374609
22531,16.8111080596781
22532,11.6363933267146
22533,5.88430495553607
22534,14.8668085379382
22535,30.2135444912431
22536,8.22516888571394
22537,3.76207364342467
22538,14.6847757315954
22539,14.0281364403899
22540,12.1654238524382
22541,14.1526875750946
22542,14.1409524882202
22543,6.76518691777859
22544,7.02285284265665
22545,6.76518691777859
22546,7.02285284265665
22547,5.23752590968959
22548,6.76518691777859
22549,7.02285284265665
22550,6.76518691777859
22551,7.02285284265665
22552,28.5790603154175
22553,6.82195242556361
22554,2.86770958706736
22555,15.4836426877359
22556,4.46102301211243
22557,31.6932886458373
22558,595.452672936073
22559,342.733694450491
22560,261.357998264553
22561,241.276850956204
22562,166.789287211913
22563,595.452672936073
22564,342.733694450491
22565,261.357998264553
22566,241.276850956204
22567,166.789287211913
22568,31.6932886458373
22569,31.6932886458373
22570,31.6932886458373
22571,595.452672936073
22572,342.733694450491
22573,261.357998264553
22574,241.276850956204
22575,166.789287211913
22576,595.452672936073
22577,342.733694450491
22578,261.357998264553
22579,241.276850956204
22580,166.789287211913
22581,595.452672936073
22582,342.733694450491
22583,261.357998264553
22584,241.276850956204
22585,166.789287211913
22586,31.6932886458373
22587,30.734428147501
22588,29.3135790160855
22589,29.3381295652114
22590,29.3381295652114
22591,29.3381295652114
22592,29.3381295652114
22593,43.2565974247866
22594,26.8907333618601
22595,64.9559143866074
22596,64.9559143866074
22597,146.803115228767
22598,93.2035452291147
22599,16.984519788827
22600,16.4372330022525
22601,6.9395589564441
22602,5.65804389376456
22603,46.1004383898811
22604,42.1900398430237
22605,15.2502532100047
22606,23.1687959619481
22607,8.85175523096753
22608,15.7599292526393
22609,4.73802082905537
22610,7.08486715420489
22611,7.95622599646068
22612,28.802103735365
22613,7.53574044979645
22614,5.86546377056968
22615,37.0797963594452
22616,14.9564341247201
22617,7.31806983728305
22618,28.802103735365
22619,28.802103735365
22620,30.2135444912431
22621,8.22516888571394
22622,3.76207364342467
22623,8.29392845978954
22624,4.91574900491255
22625,38.1632136654918
22626,17.860174004547
22627,17.860174004547
22628,4.40603248516043
22629,4.97557113277415
22630,24.8731298958535
22631,23.1489217775156
22632,64.144881500803
22633,33.9903444030138
22634,57.5582117639764
22635,35.7886220175333
22636,47.3127014178366
22637,14.4986667492587
22638,13.1837970537187
22639,11.4551018141412
22640,11.1756243199188
22641,11.2342801123047
22642,30.148050290052
22643,7.00389268010685
22644,2.72748362212379
22645,47.6194092883911
22646,14.9860925207743
22647,21.5493645574443
22648,6.66153818629224
22649,30.148050290052
22650,7.00389268010685
22651,2.72748362212379
22652,27.7710909406611
22653,5.78334427682544
22654,5.78334427682544
22655,15.9999526886569
22656,18.583673550407
22657,15.1888999656275
22658,13.3332566900738
22659,8.27597803024727
22660,8.12440182758953
22661,5.5278518103846
22662,5.57773638746218
22663,6.19722198056849
22664,12.8201716022934
22665,6.39454730816757
22666,8.41887534918419
22667,37.2559283524484
22668,19.4883955764704
22669,7.32381542926862
22670,19.0843340120754
22671,19.0843340120754
22672,19.2840396650083
22673,17.4826885285203
22674,6.11372174084152
22675,7.04658879418172
22676,7.04658879418172
22677,7.04658879418172
22678,5.71568133430025
22679,6.07565762939085
22680,6.13134108097036
22681,16.4463657406118
22682,22.7663431337325
22683,22.7663431337325
22684,31.4076734555689
22685,24.7018923535286
22686,14.212939018764
22687,7.99859261589267
22688,5.91103328378272
22689,4.66080260604447
22690,4.37683593489885
22691,4.25771965785903
22692,4.17605732088712
22693,23.6677719159234
22694,13.4730713844553
22695,7.35431232085649
22696,5.33720752530982
22697,4.07969190527036
22698,3.77259940659973
22699,3.64246097809706
22700,3.58003058385868
22701,21.5402179428446
22702,11.9545178239482
22703,6.18274308853252
22704,4.28278940695766
22705,3.08655054349142
22706,2.77778804475034
22707,2.67345061970601
22708,2.62007477606389
22709,21.1701098635485
22710,11.6247263107491
22711,5.84383444123479
22712,3.88402311719144
22713,2.60454778583514
22714,2.32090883266896
22715,2.22538506334598
22716,2.1837670490029
22717,8.19811971454875
22718,23.7647785152052
22719,25.6370217988604
22720,12.9872658347348
22721,12.6352719204483
22722,11.9494618301028
22723,22.6260297941708
22724,12.7474339428441
22725,6.72379638454855
22726,4.74990282488053
22727,3.51020060132022
22728,3.22218849512528
22729,3.12011612612803
22730,3.04623188666699
22731,22.6260297941708
22732,12.7474339428441
22733,6.72379638454855
22734,4.74990282488053
22735,3.51020060132022
22736,3.22218849512528
22737,3.12011612612803
22738,3.04623188666699
22739,21.5402179428446
22740,11.9545178239482
22741,6.18274308853252
22742,4.28278940695766
22743,3.08655054349142
22744,2.77778804475034
22745,2.67345061970601
22746,2.62007477606389
22747,23.9942381544121
22748,44.1399586266036
22749,6.11107621111352
22750,21.5811054214194
22751,11.9967729811674
22752,6.22847349048808
22753,4.30188163378876
22754,3.07602197508895
22755,2.77246088880403
22756,2.68412859353427
22757,2.62487021730008
22758,22.6260297941708
22759,12.7474339428441
22760,6.72379638454855
22761,4.74990282488053
22762,3.51020060132022
22763,3.22218849512528
22764,3.12011612612803
22765,3.04623188666699
22766,21.1701098635485
22767,11.6247263107491
22768,5.84383444123479
22769,3.88402311719144
22770,2.60454778583514
22771,2.32090883266896
22772,2.22538506334598
22773,2.1837670490029
22774,21.1701098635485
22775,11.6247263107491
22776,5.84383444123479
22777,3.88402311719144
22778,2.60454778583514
22779,2.32090883266896
22780,2.22538506334598
22781,2.1837670490029
22782,5.09152282859629
22783,26.7234193895214
22784,16.143691754968
22785,9.61206666134122
22786,7.48045554542989
22787,6.18022618959295
22788,5.86755653509906
22789,5.69399062994721
22790,5.63664837393211
22791,26.7234193895214
22792,16.143691754968
22793,9.61206666134122
22794,7.48045554542989
22795,6.18022618959295
22796,5.86755653509906
22797,5.69399062994721
22798,5.63664837393211
22799,26.7234193895214
22800,16.143691754968
22801,9.61206666134122
22802,7.48045554542989
22803,6.18022618959295
22804,5.86755653509906
22805,5.69399062994721
22806,5.63664837393211
22807,26.7234193895214
22808,16.143691754968
22809,9.61206666134122
22810,7.48045554542989
22811,6.18022618959295
22812,5.86755653509906
22813,5.69399062994721
22814,5.63664837393211
22815,26.7234193895214
22816,16.143691754968
22817,9.61206666134122
22818,7.48045554542989
22819,6.18022618959295
22820,5.86755653509906
22821,5.69399062994721
22822,5.63664837393211
22823,26.7234193895214
22824,16.143691754968
22825,9.61206666134122
22826,7.48045554542989
22827,6.18022618959295
22828,5.86755653509906
22829,5.69399062994721
22830,5.63664837393211
22831,24.2136249982959
22832,13.8929830159353
22833,7.56995301039496
22834,5.51414273251744
22835,4.23604294634684
22836,3.95826472829493
22837,3.84763618574195
22838,3.78438709205258
22839,21.1701098635485
22840,11.6247263107491
22841,5.84383444123479
22842,3.88402311719144
22843,2.60454778583514
22844,2.32090883266896
22845,2.22538506334598
22846,2.1837670490029
22847,21.5402179428446
22848,11.9545178239482
22849,6.18274308853252
22850,4.28278940695766
22851,3.08655054349142
22852,2.77778804475034
22853,2.67345061970601
22854,2.62007477606389
22855,21.5402179428446
22856,11.9545178239482
22857,6.18274308853252
22858,4.28278940695766
22859,3.08655054349142
22860,2.77778804475034
22861,2.67345061970601
22862,2.62007477606389
22863,21.5402179428446
22864,11.9545178239482
22865,6.18274308853252
22866,4.28278940695766
22867,3.08655054349142
22868,2.77778804475034
22869,2.67345061970601
22870,2.62007477606389
22871,21.5402179428446
22872,11.9545178239482
22873,6.18274308853252
22874,4.28278940695766
22875,3.08655054349142
22876,2.77778804475034
22877,2.67345061970601
22878,2.62007477606389
22879,21.5402179428446
22880,11.9545178239482
22881,6.18274308853252
22882,4.28278940695766
22883,3.08655054349142
22884,2.77778804475034
22885,2.67345061970601
22886,2.62007477606389
22887,24.2901791805059
22888,13.9324834498643
22889,7.6722627363381
22890,5.61975605490777
22891,4.3507575859068
22892,4.02131456127751
22893,3.90394869362584
22894,3.83163546092023
22895,24.2901791805059
22896,13.9324834498643
22897,7.6722627363381
22898,5.61975605490777
22899,4.3507575859068
22900,4.02131456127751
22901,3.90394869362584
22902,3.83163546092023
22903,23.6677719159234
22904,13.4730713844553
22905,7.35431232085649
22906,5.33720752530982
22907,4.07969190527036
22908,3.77259940659973
22909,3.64246097809706
22910,3.58003058385868
22911,24.2901791805059
22912,13.9324834498643
22913,7.6722627363381
22914,5.61975605490777
22915,4.3507575859068
22916,4.02131456127751
22917,3.90394869362584
22918,3.83163546092023
22919,21.1701098635485
22920,11.6247263107491
22921,5.84383444123479
22922,3.88402311719144
22923,2.60454778583514
22924,2.32090883266896
22925,2.22538506334598
22926,2.1837670490029
22927,25.2201043167176
22928,15.4124761300228
22929,9.58431023381071
22930,7.61884995742333
22931,6.29160034911094
22932,6.05894376834789
22933,5.8604709587276
22934,5.75719041473762
22935,128.057640549845
22936,53.9638874059269
22937,37.2658536430268
22938,33.1338656207184
22939,30.1527660439519
22940,22.6260297941708
22941,12.7474339428441
22942,6.72379638454855
22943,4.74990282488053
22944,3.51020060132022
22945,3.22218849512528
22946,3.12011612612803
22947,3.04623188666699
22948,22.6260297941708
22949,12.7474339428441
22950,6.72379638454855
22951,4.74990282488053
22952,3.51020060132022
22953,3.22218849512528
22954,3.12011612612803
22955,3.04623188666699
22956,22.6260297941708
22957,12.7474339428441
22958,6.72379638454855
22959,4.74990282488053
22960,3.51020060132022
22961,3.22218849512528
22962,3.12011612612803
22963,3.04623188666699
22964,24.2136249982959
22965,13.8929830159353
22966,7.56995301039496
22967,5.51414273251744
22968,4.23604294634684
22969,3.95826472829493
22970,3.84763618574195
22971,3.78438709205258
22972,22.1747283873959
22973,12.4249677571169
22974,6.57748985949333
22975,4.63815341250557
22976,3.42937039123848
22977,3.12903934548496
22978,3.02141548049434
22979,2.97478154136729
22980,22.6260297941708
22981,12.7474339428441
22982,6.72379638454855
22983,4.74990282488053
22984,3.51020060132022
22985,3.22218849512528
22986,3.12011612612803
22987,3.04623188666699
22988,21.3997683842419
22989,11.8085618428963
22990,6.03272181528933
22991,4.12991684802924
22992,2.9379857272029
22993,2.61018401235611
22994,2.48847603026307
22995,2.44162692340168
22996,22.6260297941708
22997,12.7474339428441
22998,6.72379638454855
22999,4.74990282488053
23000,3.51020060132022
23001,3.22218849512528
23002,3.12011612612803
23003,3.04623188666699
23004,22.6260297941708
23005,12.7474339428441
23006,6.72379638454855
23007,4.74990282488053
23008,3.51020060132022
23009,3.22218849512528
23010,3.12011612612803
23011,3.04623188666699
23012,22.6260297941708
23013,12.7474339428441
23014,6.72379638454855
23015,4.74990282488053
23016,3.51020060132022
23017,3.22218849512528
23018,3.12011612612803
23019,3.04623188666699
23020,22.6260297941708
23021,12.7474339428441
23022,6.72379638454855
23023,4.74990282488053
23024,3.51020060132022
23025,3.22218849512528
23026,3.12011612612803
23027,3.04623188666699
23028,21.5402179428446
23029,11.9545178239482
23030,6.18274308853252
23031,4.28278940695766
23032,3.08655054349142
23033,2.77778804475034
23034,2.67345061970601
23035,2.62007477606389
23036,21.1701098635485
23037,11.6247263107491
23038,5.84383444123479
23039,3.88402311719144
23040,2.60454778583514
23041,2.32090883266896
23042,2.22538506334598
23043,2.1837670490029
23044,11.5777115922716
23045,8.11892458522665
23046,6.50622636248899
23047,22.6260297941708
23048,12.7474339428441
23049,6.72379638454855
23050,4.74990282488053
23051,3.51020060132022
23052,3.22218849512528
23053,3.12011612612803
23054,3.04623188666699
23055,22.6260297941708
23056,12.7474339428441
23057,6.72379638454855
23058,4.74990282488053
23059,3.51020060132022
23060,3.22218849512528
23061,3.12011612612803
23062,3.04623188666699
23063,22.6260297941708
23064,12.7474339428441
23065,6.72379638454855
23066,4.74990282488053
23067,3.51020060132022
23068,3.22218849512528
23069,3.12011612612803
23070,3.04623188666699
23071,152.792579742462
23072,75.3762237731236
23073,40.273077836851
23074,26.9185668770791
23075,22.0132287183321
23076,23.6677719159234
23077,13.4730713844553
23078,7.35431232085649
23079,5.33720752530982
23080,4.07969190527036
23081,3.77259940659973
23082,3.64246097809706
23083,3.58003058385868
23084,8.70519782338765
23085,6.59147573130397
23086,6.4644322886529
23087,6.19542735433996
23088,26.7625920371518
23089,16.3280093389551
23090,9.90101577682484
23091,7.82957552535974
23092,6.56163338935624
23093,6.23742822821277
23094,6.09933455967468
23095,6.01375526676025
23096,23.6677719159234
23097,13.4730713844553
23098,7.35431232085649
23099,5.33720752530982
23100,4.07969190527036
23101,3.77259940659973
23102,3.64246097809706
23103,3.58003058385868
23104,23.6677719159234
23105,13.4730713844553
23106,7.35431232085649
23107,5.33720752530982
23108,4.07969190527036
23109,3.77259940659973
23110,3.64246097809706
23111,3.58003058385868
23112,23.6677719159234
23113,13.4730713844553
23114,7.35431232085649
23115,5.33720752530982
23116,4.07969190527036
23117,3.77259940659973
23118,3.64246097809706
23119,3.58003058385868
23120,24.2901791805059
23121,13.9324834498643
23122,7.6722627363381
23123,5.61975605490777
23124,4.3507575859068
23125,4.02131456127751
23126,3.90394869362584
23127,3.83163546092023
23128,26.7625920371518
23129,16.3280093389551
23130,9.90101577682484
23131,7.82957552535974
23132,6.56163338935624
23133,6.23742822821277
23134,6.09933455967468
23135,6.01375526676025
23136,22.1747283873959
23137,12.4249677571169
23138,6.57748985949333
23139,4.63815341250557
23140,3.42937039123848
23141,3.12903934548496
23142,3.02141548049434
23143,2.97478154136729
23144,22.6260297941708
23145,12.7474339428441
23146,6.72379638454855
23147,4.74990282488053
23148,3.51020060132022
23149,3.22218849512528
23150,3.12011612612803
23151,3.04623188666699
23152,26.7625920371518
23153,16.3280093389551
23154,9.90101577682484
23155,7.82957552535974
23156,6.56163338935624
23157,6.23742822821277
23158,6.09933455967468
23159,6.01375526676025
23160,24.5222585291227
23161,13.9833305273991
23162,7.59977034450347
23163,5.50234241257195
23164,4.19515569473415
23165,3.86186715489693
23166,3.73945024181551
23167,3.65786273756978
23168,24.5222585291227
23169,13.9833305273991
23170,7.59977034450347
23171,5.50234241257195
23172,4.19515569473415
23173,3.86186715489693
23174,3.73945024181551
23175,3.65786273756978
23176,51.5316490039603
23177,35.1388463688584
23178,40.6795805097081
23179,37.9437833610951
23180,28.226103768583
23181,104.285227970486
23182,55.852005091781
23183,35.6499993484985
23184,28.1088874930018
23185,23.1169388167187
23186,74.0513238106432
23187,41.0468025066617
23188,23.0142118903615
23189,23.8578317347092
23190,14.3794921046489
23191,14.1242510690715
23192,5.76228174670263
23193,3.26520562198494
23194,28.5408230018919
23195,28.5408230018919
23196,6.14259109852383
23197,21.5953055252841
23198,30.148050290052
23199,7.00389268010685
23200,2.72748362212379
23201,7.31500010509227
23202,18.3961813283553
23203,18.3961813283553
23204,8.74025417598722
23205,5.96094244892428
23206,4.94380202424385
23207,5.96094244892428
23208,4.94380202424385
23209,18.0563842691253
23210,9.18981395214902
23211,5.96094244892428
23212,4.94380202424385
23213,7.64747410822622
23214,5.26244976613165
23215,7.16704753449105
23216,5.96094244892428
23217,4.94380202424385
23218,6.48799452839198
23219,5.3317815465565
23220,6.94920694960119
23221,7.52196813948873
23222,7.04658879418172
23223,5.40152472974706
23224,5.88478408804451
23225,7.18350551044853
23226,6.5405701614808
23227,7.18350551044853
23228,6.5405701614808
23229,11.810370125137
23230,39.3796217090006
23231,16.2886400645348
23232,17.4650309157417
23233,13.1844664550841
23234,9.02913010600995
23235,7.37912650175293
23236,6.90207627397443
23237,6.84351853222315
23238,36.4474316612913
23239,2.90643975515341
23240,23.2688384015825
23241,10.0259375180933
23242,10.5055175199507
23243,30.734428147501
23244,193.855711882306
23245,55.512969489507
23246,26.9408837518153
23247,53.7096599041389
23248,38.9426160840637
23249,21.245839365355
23250,13.3899592824442
23251,20.6888258170267
23252,17.716911329418
23253,4.87868856191305
23254,20.8858605355697
23255,24.3316211716549
23256,24.3316211716549
23257,46.3149923828033
23258,46.3149923828033
23259,20.6888258170267
23260,2.10147651955404
23261,2.10147651955404
23262,2.43395562749332
23263,2.90025210051681
23264,7.10203149397233
23265,29.8304353305027
23266,14.8245165957123
23267,14.1899234758265
23268,9.0355752111618
23269,7.17671568427797
23270,4.42990833062996
23271,3.64228743089028
23272,4.03144318119784
23273,39.3796217090006
23274,16.2886400645348
23275,17.4650309157417
23276,13.1844664550841
23277,9.02913010600995
23278,7.37912650175293
23279,6.90207627397443
23280,6.84351853222315
23281,7.32053112835443
23282,48.8818930704751
23283,25.2142286519662
23284,2.5566122251431
23285,2.5566122251431
23286,13.2833755794829
23287,16.4336765962109
23288,24.3108635953353
23289,5.19093409100312
23290,5.19093409100312
23291,42.7292105150743
23292,8.89512408122848
23293,22.4282779456287
23294,30.148050290052
23295,7.00389268010685
23296,2.72748362212379
23297,44.5439464515457
23298,6.01723997617497
23299,15.6331893856635
23300,5.90934104149162
23301,11.2713617158998
23302,2.69114853051459
23303,2.10147651955404
23304,19.3260973373771
23305,2.10147651955404
23306,19.3260973373771
23307,18.1339172636833
23308,8.34393075617434
23309,6.58346380580683
23310,10.3937848292818
23311,5.96094244892428
23312,6.37038053094882
23313,5.96094244892428
23314,4.94380202424385
23315,6.37038053094882
23316,6.37038053094882
23317,30.148050290052
23318,7.00389268010685
23319,2.72748362212379
23320,47.3253366572065
23321,27.8606774252103
23322,3.38629978650743
23323,9.06865903281602
23324,6.70097179990125
23325,1.89216183819171
23326,29.580278695084
23327,17.8497631184426
23328,16.8404670955248
23329,8.19585929894668
23330,6.63147510162332
23331,4.01045958559869
23332,2.55875630685609
23333,2.2615119106526
23334,24.9837051162262
23335,27.7710909406611
23336,2.89717095944592
23337,3.76325710248814
23338,9.05999774108745
23339,3.76439218258362
23340,9.06958610762929
23341,13.8517356833695
23342,10.0621062979638
23343,4.32269663173903
23344,35.7484034880308
23345,18.8740483114756
23346,34.235700898711
23347,36.5543185483233
23348,34.2397767310139
23349,14.0934473248912
23350,10.4220367190205
23351,6.78095979388857
23352,7.05259967093592
23353,30.148050290052
23354,7.00389268010685
23355,2.72748362212379
23356,20.677366658604
23357,20.677366658604
23358,20.677366658604
23359,15.6534055847318
23360,33.8275081639095
23361,23.0993189450966
23362,33.8275081639095
23363,23.0993189450966
23364,33.8275081639095
23365,23.0993189450966
23366,33.8275081639095
23367,23.0993189450966
23368,33.8275081639095
23369,23.0993189450966
23370,33.2411735138021
23371,81.5148639538764
23372,24.1980798797443
23373,29.0560523480288
23374,7.92624402325381
23375,4.1392502219949
23376,29.0560523480288
23377,7.92624402325381
23378,4.1392502219949
23379,12.2510223174984
23380,13.5494452227364
23381,27.0701000625777
23382,27.4235167159303
23383,19.8022780028957
23384,6.52332997671953
23385,4.93368809252229
23386,12.4519391614026
23387,7.05909528391157
23388,10.5520902099872
23389,37.0055214772584
23390,37.0055214772584
23391,18.378575707022
23392,5.98925311159475
23393,8.4266087861148
23394,18.378575707022
23395,5.98925311159475
23396,18.378575707022
23397,5.98925311159475
23398,18.378575707022
23399,5.98925311159475
23400,18.378575707022
23401,5.98925311159475
23402,18.378575707022
23403,5.98925311159475
23404,18.378575707022
23405,5.98925311159475
23406,18.378575707022
23407,5.98925311159475
23408,18.378575707022
23409,5.98925311159475
23410,18.378575707022
23411,5.98925311159475
23412,18.378575707022
23413,5.98925311159475
23414,18.378575707022
23415,5.98925311159475
23416,230.326687804891
23417,130.311889885361
23418,58.7469409209246
23419,8.30679558993296
23420,10.2199533659903
23421,25.6819507340891
23422,31.6625739328044
23423,18.0968765511033
23424,60.1418453845573
23425,5.75439423805118
23426,5.07967109112814
23427,18.5597154470252
23428,33.7010535162966
23429,21.5739044936878
23430,18.5597154470252
23431,22.0938987089524
23432,138.572000689052
23433,55.2782437020144
23434,39.0282432383379
23435,32.1861536788227
23436,47.541932432794
23437,9.65565485298408
23438,6.28774862729874
23439,6.28774862729874
23440,6.28774862729874
23441,19.458138622319
23442,19.458138622319
23443,6.28774862729874
23444,6.40103009462888
23445,6.40103009462888
23446,3.01381264120876
23447,4.88200998759014
23448,27.7779352264631
23449,29.1921425691307
23450,20.793517379389
23451,21.0511532885293
23452,15.3160316326859
23453,7.79851084895433
23454,40.7515945089058
23455,25.5089676982773
23456,24.2753953256491
23457,13.2028255461203
23458,6.48182430312149
23459,8.4915787489483
23460,20.868371749785
23461,21.1337530391147
23462,13.5462101886245
23463,30.148050290052
23464,7.00389268010685
23465,2.72748362212379
23466,7.41122663640404
23467,8.23068848197875
23468,34.7237241575371
23469,8.43290903311614
23470,30.5754334190936
23471,7.12016377408467
23472,2.92228921041739
23473,6.56241537009467
23474,6.97187469949391
23475,8.17272597583812
23476,21.0258295371475
23477,36.3431000010674
23478,32.2674119383339
23479,4.81373661447742
23480,30.148050290052
23481,7.00389268010685
23482,2.72748362212379
23483,7.3866850211909
23484,7.3866850211909
23485,7.3866850211909
23486,30.148050290052
23487,7.00389268010685
23488,2.72748362212379
23489,7.40246960070563
23490,7.40246960070563
23491,9.16443232835645
23492,7.50231970954597
23493,9.49493089305317
23494,7.57705088138723
23495,18.378575707022
23496,5.98925311159475
23497,18.378575707022
23498,19.309927643215
23499,10.5014699230571
23500,37.0598265378362
23501,43.5555598522913
23502,43.5555598522913
23503,43.5555598522913
23504,27.9649669278392
23505,10.7203421291924
23506,5.40152472974706
23507,5.88478408804451
23508,5.40152472974706
23509,5.88478408804451
23510,7.18350551044853
23511,6.5405701614808
23512,6.11372174084152
23513,5.38650113248318
23514,5.70384567479499
23515,4.52651342059107
23516,6.59321726463482
23517,4.33007223461785
23518,6.41140460843876
23519,4.33007223461785
23520,6.41140460843876
23521,4.47645878856431
23522,6.37164848397129
23523,52.1242774297088
23524,52.1242774297088
23525,52.1242774297088
23526,52.1242774297088
23527,6.8598084400158
23528,6.83778101977839
23529,15.1428741030875
23530,15.9534452322988
23531,20.9634934182364
23532,14.7597046866303
23533,12.9007505811662
23534,10.0844537795233
23535,9.03312597475439
23536,8.49162015762957
23537,20.9634934182364
23538,14.7597046866303
23539,12.9007505811662
23540,10.0844537795233
23541,9.03312597475439
23542,8.49162015762957
23543,20.9634934182364
23544,14.7597046866303
23545,12.9007505811662
23546,10.0844537795233
23547,9.03312597475439
23548,8.49162015762957
23549,20.9634934182364
23550,14.7597046866303
23551,12.9007505811662
23552,10.0844537795233
23553,9.03312597475439
23554,8.49162015762957
23555,20.9634934182364
23556,14.7597046866303
23557,12.9007505811662
23558,10.0844537795233
23559,9.03312597475439
23560,8.49162015762957
23561,20.9634934182364
23562,14.7597046866303
23563,12.9007505811662
23564,10.0844537795233
23565,9.03312597475439
23566,8.49162015762957
23567,20.9634934182364
23568,14.7597046866303
23569,12.9007505811662
23570,10.0844537795233
23571,9.03312597475439
23572,8.49162015762957
23573,20.9634934182364
23574,14.7597046866303
23575,12.9007505811662
23576,10.0844537795233
23577,9.03312597475439
23578,8.49162015762957
23579,20.9634934182364
23580,14.7597046866303
23581,12.9007505811662
23582,10.0844537795233
23583,9.03312597475439
23584,8.49162015762957
23585,8.34531748055686
23586,20.9634934182364
23587,14.7597046866303
23588,12.9007505811662
23589,10.0844537795233
23590,9.03312597475439
23591,8.49162015762957
23592,8.34531748055686
23593,34.9794976486976
23594,23.4419036327625
23595,20.0837479936922
23596,12.5968865505181
23597,8.24386162918292
23598,6.22995355773422
23599,5.75731704559818
23600,40.2547260670112
23601,25.6593667772247
23602,24.5245758368023
23603,15.3324368225696
23604,8.67398322842781
23605,6.15301210642249
23606,6.00186399946563
23607,21.7816244601812
23608,18.0013909102977
23609,14.59686012178
23610,12.1862809905336
23611,10.3447493916383
23612,10.0815725561925
23613,5.35310597993962
23614,5.36725449427333
23615,18.0613620797354
23616,64.6971752376682
23617,37.7784831321327
23618,33.6353873026295
23619,19.5976659469223
23620,14.3944946738583
23621,14.1833615495544
23622,22.256641748691
23623,22.256641748691
23624,16.6465443857434
23625,21.504637949614
23626,19.7468968331993
23627,20.4711002559166
23628,8.53037116377239
23629,38.6894420469987
23630,29.9454900263763
23631,34.2719956914508
23632,19.0966575129693
23633,15.3986543026773
23634,10.9904690749494
23635,9.73018716783224
23636,9.46373621568782
23637,38.6894420469987
23638,29.9454900263763
23639,34.2719956914508
23640,19.0966575129693
23641,15.3986543026773
23642,10.9904690749494
23643,9.73018716783224
23644,9.46373621568782
23645,35.5116125567384
23646,21.9613144881804
23647,19.7439747143714
23648,10.4973189149441
23649,8.47205498432008
23650,7.15907838783431
23651,6.14937389086902
23652,3.60793080913141
23653,3.60793080913141
23654,3.60793080913141
23655,3.60793080913141
23656,10.6045669354136
23657,19.6518240927904
23658,16.540261680475
23659,8.76129669388049
23660,5.09584883889662
23661,5.61049527949606
23662,3.54530251907988
23663,33.91840691817
23664,3.54530251907988
23665,3.54530251907988
23666,22.3181158293066
23667,50.3689949052511
23668,50.3689949052511
23669,50.3689949052511
23670,50.3689949052511
23671,52.9793846902721
23672,18.378575707022
23673,7.2194068450301
23674,18.378575707022
23675,7.2194068450301
23676,18.378575707022
23677,7.2194068450301
23678,18.378575707022
23679,7.2194068450301
23680,27.7227158733631
23681,39.3796217090006
23682,16.2886400645348
23683,17.4650309157417
23684,13.1844664550841
23685,9.02913010600995
23686,7.37912650175293
23687,6.90207627397443
23688,6.84351853222315
23689,35.8356253096071
23690,22.0272266996092
23691,22.0782578342074
23692,11.0680549657785
23693,8.04726868302997
23694,7.09073815512821
23695,7.03243219848616
23696,6.74068424001249
23697,5.83368902668954
23698,28.0210472632973
23699,22.3504695055857
23700,10.2663379597651
23701,9.52979855197448
23702,15.229419729344
23703,29.0560523480288
23704,7.92624402325381
23705,4.1392502219949
23706,38.1963109594257
23707,59.895442411623
23708,4.76744897063373
23709,4.76744897063373
23710,19.3982198492379
23711,33.8275081639095
23712,23.0993189450966
23713,33.8275081639095
23714,23.0993189450966
23715,33.8275081639095
23716,23.0993189450966
23717,15.2538669742432
23718,38.1963109594257
23719,10.0098743944972
23720,13.7779578488378
23721,36.7566048985524
23722,6.20764368148744
23723,6.45811416423239
23724,6.86252213036263
23725,7.33108318964371
23726,7.52690956819437
23727,7.33108318964371
23728,7.52690956819437
23729,7.33108318964371
23730,7.52690956819437
23731,10.5488478256972
23732,49.5901879284982
23733,4.12070066554801
23734,7.50261734359969
23735,45.1652470639955
23736,13.5580625885158
23737,18.378575707022
23738,7.2194068450301
23739,22.0721166367428
23740,13.3838377573418
23741,11.2875589006945
23742,8.86618270674685
23743,7.77362955929746
23744,5.26775634923962
23745,6.33705722123178
23746,6.4053315030201
23747,23.8759897427726
23748,11.9308437705897
23749,28.8306333710545
23750,28.8306333710545
23751,25.7214291439855
23752,14.8633398132272
23753,13.6898423090123
23754,8.77288187217687
23755,6.8487881596359
23756,6.21916807948631
23757,5.33369033356806
23758,16.6928187526501
23759,7.83262448423418
23760,188.563305071823
23761,91.3472869580868
23762,66.6454945754706
23763,59.0347062273699
23764,49.7457226568698
23765,4.32739482955648
23766,2.70476300654561
23767,6.11372174084152
23768,6.21824301965926
23769,6.21824301965926
23770,6.21824301965926
23771,75.9390240978665
23772,5.46734222391089
23773,9.4449680956064
23774,5.46734222391089
23775,10.6329523449049
23776,17.0805047674456
23777,12.5888662217315
23778,4.54309716163193
23779,4.54309716163193
23780,7.64793847215853
23781,7.64793847215853
23782,48.9919519465458
23783,15.2538669742432
23784,9.4449680956064
23785,5.46734222391089
23786,6.7281060298348
23787,25.6939518182015
23788,16.5426618350669
23789,10.9414021745457
23790,6.15448764853696
23791,10.359551206644
23792,10.359551206644
23793,7.56996433400289
23794,7.56996433400289
23795,53.5990327071911
23796,6.36767253655148
23797,7.28588510333751
23798,7.28588510333751
23799,12.6099263374775
23800,20.4272019570752
23801,22.4751371585927
23802,20.4272019570752
23803,20.4272019570752
23804,34.5980404295235
23805,53.1469473133178
23806,17.824410715732
23807,5.72835535783852
23808,11.2063957213275
23809,7.08863372787745
23810,18.378575707022
23811,7.2194068450301
23812,15.5162914333328
23813,16.1397158685223
23814,15.5162914333328
23815,16.1397158685223
23816,71.4513262837281
23817,71.4513262837281
23818,18.378575707022
23819,7.2194068450301
23820,18.378575707022
23821,7.2194068450301
23822,6.07960507421606
23823,38.3522382525436
23824,38.3522382525436
23825,121.984481803888
23826,39.8287275665577
23827,39.8287275665577
23828,80.4857080418865
23829,173.93181903236
23830,76.3919129517566
23831,60.6832169472174
23832,56.3755263733016
23833,52.3443429368245
23834,26.800223588139
23835,10.5916238362051
23836,7.45997371484107
23837,7.45997371484107
23838,50.3689949052511
23839,18.378575707022
23840,7.2194068450301
23841,18.378575707022
23842,7.2194068450301
23843,9.24331576061905
23844,18.378575707022
23845,7.2194068450301
23846,18.378575707022
23847,7.2194068450301
23848,34.4846501065581
23849,26.4802625823441
23850,64.144881500803
23851,9.87679772681929
23852,6.77585612526738
23853,9.22061192208752
23854,22.0721166367428
23855,13.3838377573418
23856,11.2875589006945
23857,8.86618270674685
23858,7.77362955929746
23859,5.26775634923962
23860,8.9152057887616
23861,19.589486475684
23862,19.589486475684
23863,19.589486475684
23864,4.36726876125284
23865,33.8275081639095
23866,23.0993189450966
23867,9.03158647050236
23868,56.0885925383975
23869,56.0885925383975
23870,15.2426815723562
23871,4.88291248754841
23872,11.9830252670022
23873,151.74543005365
23874,30.2040767454396
23875,113.217093495886
23876,16.4054249412098
23877,18.378575707022
23878,7.2194068450301
23879,11.9467921136839
23880,23.5945679404274
23881,55.006246054986
23882,11.3663394064358
23883,105.331133378861
23884,48.2652270703355
23885,41.3967113853956
23886,35.0607890679034
23887,20.5278072532996
23888,15.5468518338935
23889,11.4980109059364
23890,22.0721166367428
23891,13.3838377573418
23892,11.2875589006945
23893,8.86618270674685
23894,7.77362955929746
23895,5.26775634923962
23896,6.33705722123178
23897,24.4659435216229
23898,10.3340426807781
23899,8.94191053397869
23900,3.68935249430141
23901,128.057640549845
23902,53.9638874059269
23903,37.2658536430268
23904,33.1338656207184
23905,30.1527660439519
23906,128.057640549845
23907,53.9638874059269
23908,37.2658536430268
23909,33.1338656207184
23910,30.1527660439519
23911,128.057640549845
23912,53.9638874059269
23913,37.2658536430268
23914,33.1338656207184
23915,30.1527660439519
23916,128.057640549845
23917,53.9638874059269
23918,37.2658536430268
23919,33.1338656207184
23920,30.1527660439519
23921,128.057640549845
23922,53.9638874059269
23923,37.2658536430268
23924,33.1338656207184
23925,30.1527660439519
23926,34.2300687195084
23927,25.505392039826
23928,177.849508588841
23929,48.866554284528
23930,55.4690423811089
23931,177.849508588841
23932,48.866554284528
23933,55.4690423811089
23934,7.06910558678261
23935,10.174934756175
23936,7.31410610802506
23937,4.12070066554801
23938,5.46734222391089
23939,5.46734222391089
23940,9.87679772681929
23941,9.87679772681929
23942,6.56241537009467
23943,6.26432597465465
23944,14.4361750818003
23945,14.4361750818003
23946,28.5987949964535
23947,24.4781729016223
23948,14.4361750818003
23949,177.849508588841
23950,48.866554284528
23951,55.4690423811089
23952,6.05963338172367
23953,22.0721166367428
23954,13.3838377573418
23955,11.2875589006945
23956,8.86618270674685
23957,7.77362955929746
23958,5.26775634923962
23959,6.33705722123178
23960,63.2336168648951
23961,7.6072376522524
23962,6.8220311442238
23963,34.3042962651551
23964,34.3042962651551
23965,34.3042962651551
23966,11.6422165912464
23967,177.849508588841
23968,48.866554284528
23969,55.4690423811089
23970,7.72279379476102
23971,31.1346889262784
23972,12.6909619343515
23973,11.3837424897653
23974,9.98270230566406
23975,5.54379249523994
23976,4.3827001757414
23977,107.628447354234
23978,42.8102545508565
23979,28.4354231829776
23980,7.03632235751338
23981,26.7625920371518
23982,16.3280093389551
23983,9.90101577682484
23984,7.82957552535974
23985,6.56163338935624
23986,6.23742822821277
23987,6.09933455967468
23988,6.01375526676025
23989,26.7625920371518
23990,16.3280093389551
23991,9.90101577682484
23992,7.82957552535974
23993,6.56163338935624
23994,6.23742822821277
23995,6.09933455967468
23996,6.01375526676025
23997,26.7234193895214
23998,16.143691754968
23999,9.61206666134122
24000,7.48045554542989
24001,6.18022618959295
24002,5.86755653509906
24003,5.69399062994721
24004,5.63664837393211
24005,22.6260297941708
24006,12.7474339428441
24007,6.72379638454855
24008,4.74990282488053
24009,3.51020060132022
24010,3.22218849512528
24011,3.12011612612803
24012,3.04623188666699
24013,26.7625920371518
24014,16.3280093389551
24015,9.90101577682484
24016,7.82957552535974
24017,6.56163338935624
24018,6.23742822821277
24019,6.09933455967468
24020,6.01375526676025
24021,26.7625920371518
24022,16.3280093389551
24023,9.90101577682484
24024,7.82957552535974
24025,6.56163338935624
24026,6.23742822821277
24027,6.09933455967468
24028,6.01375526676025
24029,26.7625920371518
24030,16.3280093389551
24031,9.90101577682484
24032,7.82957552535974
24033,6.56163338935624
24034,6.23742822821277
24035,6.09933455967468
24036,6.01375526676025
24037,26.7625920371518
24038,16.3280093389551
24039,9.90101577682484
24040,7.82957552535974
24041,6.56163338935624
24042,6.23742822821277
24043,6.09933455967468
24044,6.01375526676025
24045,26.7625920371518
24046,16.3280093389551
24047,9.90101577682484
24048,7.82957552535974
24049,6.56163338935624
24050,6.23742822821277
24051,6.09933455967468
24052,6.01375526676025
24053,19.1963927083677
24054,16.9876009824121
24055,11.1550384215604
24056,26.7234193895214
24057,16.143691754968
24058,9.61206666134122
24059,7.48045554542989
24060,6.18022618959295
24061,5.86755653509906
24062,5.69399062994721
24063,5.63664837393211
24064,26.7625920371518
24065,16.3280093389551
24066,9.90101577682484
24067,7.82957552535974
24068,6.56163338935624
24069,6.23742822821277
24070,6.09933455967468
24071,6.01375526676025
24072,4.37417411796825
24073,3.73928541975835
24074,2.87032680726272
24075,2.54715038956738
24076,22.6260297941708
24077,12.7474339428441
24078,6.72379638454855
24079,4.74990282488053
24080,3.51020060132022
24081,3.22218849512528
24082,3.12011612612803
24083,3.04623188666699
24084,12.2532709880746
24085,26.7625920371518
24086,16.3280093389551
24087,9.90101577682484
24088,7.82957552535974
24089,6.56163338935624
24090,6.23742822821277
24091,6.09933455967468
24092,6.01375526676025
24093,40.1165626414007
24094,23.6677719159234
24095,13.4730713844553
24096,7.35431232085649
24097,5.33720752530982
24098,4.07969190527036
24099,3.77259940659973
24100,3.64246097809706
24101,3.58003058385868
24102,23.6677719159234
24103,13.4730713844553
24104,7.35431232085649
24105,5.33720752530982
24106,4.07969190527036
24107,3.77259940659973
24108,3.64246097809706
24109,3.58003058385868
24110,142.985564590463
24111,78.7348377913841
24112,36.0604917938531
24113,25.3869259717931
24114,22.1885559801949
24115,22.6260297941708
24116,12.7474339428441
24117,6.72379638454855
24118,4.74990282488053
24119,3.51020060132022
24120,3.22218849512528
24121,3.12011612612803
24122,3.04623188666699
24123,33.7382703809942
24124,8.89067102779568
24125,4.56023455235034
24126,41.8706798530966
24127,41.692409040579
24128,35.1367515830579
24129,17.1343655174129
24130,13.8619890053026
24131,13.8119391137102
24132,23.6677719159234
24133,13.4730713844553
24134,7.35431232085649
24135,5.33720752530982
24136,4.07969190527036
24137,3.77259940659973
24138,3.64246097809706
24139,3.58003058385868
24140,22.1747283873959
24141,12.4249677571169
24142,6.57748985949333
24143,4.63815341250557
24144,3.42937039123848
24145,3.12903934548496
24146,3.02141548049434
24147,2.97478154136729
24148,17.8133882599201
24149,141.816394508327
24150,81.5711190243027
24151,54.8208164687562
24152,34.8295551021821
24153,30.7109428591182
24154,154.932786316491
24155,513.401833975282
24156,140.02724131891
24157,78.2427968914065
24158,34.7456950153185
24159,25.6065541138307
24160,22.4919402358073
24161,23.6677719159234
24162,13.4730713844553
24163,7.35431232085649
24164,5.33720752530982
24165,4.07969190527036
24166,3.77259940659973
24167,3.64246097809706
24168,3.58003058385868
24169,22.6260297941708
24170,12.7474339428441
24171,6.72379638454855
24172,4.74990282488053
24173,3.51020060132022
24174,3.22218849512528
24175,3.12011612612803
24176,3.04623188666699
24177,10.2271801252854
24178,4.86402582186368
24179,5.05117584435691
24180,6.85818781363012
24181,23.8482426896362
24182,13.7313350436597
24183,7.55773398534525
24184,5.47934683077432
24185,4.18778816245127
24186,3.95128486365538
24187,3.79182403621529
24188,3.68452754495009
24189,21.5402179428446
24190,11.9545178239482
24191,6.18274308853252
24192,4.28278940695766
24193,3.08655054349142
24194,2.77778804475034
24195,2.67345061970601
24196,2.62007477606389
24197,175.912373686874
24198,75.5003255691295
24199,50.662707801882
24200,30.3850482760695
24201,48.1910640811079
24202,82.8749574079095
24203,20.2997951509281
24204,81.7864534878385
24205,7.70052703435799
24206,6.31700902900692
24207,7.70052703435799
24208,8.19285183263358
24209,48.2864144156377
24210,8.43062908187035
24211,12.6921322403571
24212,23.8482426896362
24213,13.7313350436597
24214,7.55773398534525
24215,5.47934683077432
24216,4.18778816245127
24217,3.95128486365538
24218,3.79182403621529
24219,3.68452754495009
24220,13.0319044262559
24221,5.16100500539795
24222,8.43062908187035
24223,81.7864534878385
24224,72.004555146138
24225,35.3643031516213
24226,24.0350730478665
24227,14.0808421758205
24228,8.18292367356611
24229,6.20423437449385
24230,5.03515806242805
24231,4.69198151300736
24232,4.50938557795379
24233,17.2243226476818
24234,5.09216289899827
24235,8.1352457876055
24236,15.2741319868434
24237,15.9273821171784
24238,15.2741319868434
24239,15.9273821171784
24240,9.38650623194477
24241,7.62454097151168
24242,6.57829334196879
24243,4.7402017761141
24244,24.9887900051231
24245,41.0856010320266
24246,15.4220075634152
24247,7.02795175703248
24248,5.83420069444049
24249,4.75031093604773
24250,13.8149928415024
24251,37.3860886597946
24252,5.48650305515922
24253,10.1129622462099
24254,5.10619765779693
24255,5.22959351371241
24256,4.80881370520816
24257,4.56366546164569
24258,5.13687715837902
24259,17.761031953467
24260,13.2573838049851
24261,12.1568273416333
24262,6.19938557064094
24263,3.01099599220785
24264,11.4181133616644
24265,7.75962378377444
24266,7.75962378377444
24267,11.1985606654871
24268,13.1615987852603
24269,13.1615987852603
24270,6.63903634322573
24271,7.75962378377444
24272,26.7625920371518
24273,16.3280093389551
24274,9.90101577682484
24275,7.82957552535974
24276,6.56163338935624
24277,6.23742822821277
24278,6.09933455967468
24279,6.01375526676025
24280,4.47537175390046
24281,4.46997242641687
24282,14.1365553708517
24283,8.43399067075795
24284,4.98503625537142
24285,4.78913518843327
24286,22.1747283873959
24287,12.4249677571169
24288,6.57748985949333
24289,4.63815341250557
24290,3.42937039123848
24291,3.12903934548496
24292,3.02141548049434
24293,2.97478154136729
24294,22.1747283873959
24295,12.4249677571169
24296,6.57748985949333
24297,4.63815341250557
24298,3.42937039123848
24299,3.12903934548496
24300,3.02141548049434
24301,2.97478154136729
24302,46.1471981913966
24303,6.06544304158515
24304,4.47122607176767
24305,7.75962378377444
24306,5.48180286054413
24307,4.6266882621772
24308,4.68750784127937
24309,4.50618093186852
24310,11.4927412944387
24311,13.19412353333
24312,8.32940690077825
24313,7.13142871583068
24314,6.34403754401946
24315,18.4322951572698
24316,10.1903273493562
24317,8.94610929037864
24318,9.14004020649415
24319,9.14004020649415
24320,26.7625920371518
24321,16.3280093389551
24322,9.90101577682484
24323,7.82957552535974
24324,6.56163338935624
24325,6.23742822821277
24326,6.09933455967468
24327,6.01375526676025
24328,21.3556390072997
24329,11.7498768159808
24330,5.98280351570609
24331,4.08758001198021
24332,2.83751551326965
24333,2.52440856162536
24334,2.43186988074374
24335,2.38406811526705
24336,21.3556390072997
24337,11.7498768159808
24338,5.98280351570609
24339,4.08758001198021
24340,2.83751551326965
24341,2.52440856162536
24342,2.43186988074374
24343,2.38406811526705
24344,23.6677719159234
24345,13.4730713844553
24346,7.35431232085649
24347,5.33720752530982
24348,4.07969190527036
24349,3.77259940659973
24350,3.64246097809706
24351,3.58003058385868
24352,22.6260297941708
24353,12.7474339428441
24354,6.72379638454855
24355,4.74990282488053
24356,3.51020060132022
24357,3.22218849512528
24358,3.12011612612803
24359,3.04623188666699
24360,23.6677719159234
24361,13.4730713844553
24362,7.35431232085649
24363,5.33720752530982
24364,4.07969190527036
24365,3.77259940659973
24366,3.64246097809706
24367,3.58003058385868
24368,22.6260297941708
24369,12.7474339428441
24370,6.72379638454855
24371,4.74990282488053
24372,3.51020060132022
24373,3.22218849512528
24374,3.12011612612803
24375,3.04623188666699
24376,23.6677719159234
24377,13.4730713844553
24378,7.35431232085649
24379,5.33720752530982
24380,4.07969190527036
24381,3.77259940659973
24382,3.64246097809706
24383,3.58003058385868
24384,42.6142126293488
24385,22.6260297941708
24386,12.7474339428441
24387,6.72379638454855
24388,4.74990282488053
24389,3.51020060132022
24390,3.22218849512528
24391,3.12011612612803
24392,3.04623188666699
24393,22.6260297941708
24394,12.7474339428441
24395,6.72379638454855
24396,4.74990282488053
24397,3.51020060132022
24398,3.22218849512528
24399,3.12011612612803
24400,3.04623188666699
24401,21.5402179428446
24402,11.9545178239482
24403,6.18274308853252
24404,4.28278940695766
24405,3.08655054349142
24406,2.77778804475034
24407,2.67345061970601
24408,2.62007477606389
24409,21.3997683842419
24410,11.8085618428963
24411,6.03272181528933
24412,4.12991684802924
24413,2.9379857272029
24414,2.61018401235611
24415,2.48847603026307
24416,2.44162692340168
24417,21.5402179428446
24418,11.9545178239482
24419,6.18274308853252
24420,4.28278940695766
24421,3.08655054349142
24422,2.77778804475034
24423,2.67345061970601
24424,2.62007477606389
24425,21.4514031433631
24426,11.83035881375
24427,6.07283221320268
24428,4.15939747616126
24429,2.95761117828888
24430,2.65007311169848
24431,2.51890156991467
24432,2.46035756420342
24433,22.6260297941708
24434,12.7474339428441
24435,6.72379638454855
24436,4.74990282488053
24437,3.51020060132022
24438,3.22218849512528
24439,3.12011612612803
24440,3.04623188666699
24441,21.3556390072997
24442,11.7498768159808
24443,5.98280351570609
24444,4.08758001198021
24445,2.83751551326965
24446,2.52440856162536
24447,2.43186988074374
24448,2.38406811526705
24449,26.7234193895214
24450,16.143691754968
24451,9.61206666134122
24452,7.48045554542989
24453,6.18022618959295
24454,5.86755653509906
24455,5.69399062994721
24456,5.63664837393211
24457,26.7234193895214
24458,16.143691754968
24459,9.61206666134122
24460,7.48045554542989
24461,6.18022618959295
24462,5.86755653509906
24463,5.69399062994721
24464,5.63664837393211
24465,21.3556390072997
24466,11.7498768159808
24467,5.98280351570609
24468,4.08758001198021
24469,2.83751551326965
24470,2.52440856162536
24471,2.43186988074374
24472,2.38406811526705
24473,21.3556390072997
24474,11.7498768159808
24475,5.98280351570609
24476,4.08758001198021
24477,2.83751551326965
24478,2.52440856162536
24479,2.43186988074374
24480,2.38406811526705
24481,21.3556390072997
24482,11.7498768159808
24483,5.98280351570609
24484,4.08758001198021
24485,2.83751551326965
24486,2.52440856162536
24487,2.43186988074374
24488,2.38406811526705
24489,18.2777154557484
24490,22.6260297941708
24491,12.7474339428441
24492,6.72379638454855
24493,4.74990282488053
24494,3.51020060132022
24495,3.22218849512528
24496,3.12011612612803
24497,3.04623188666699
24498,22.6260297941708
24499,12.7474339428441
24500,6.72379638454855
24501,4.74990282488053
24502,3.51020060132022
24503,3.22218849512528
24504,3.12011612612803
24505,3.04623188666699
24506,22.6260297941708
24507,12.7474339428441
24508,6.72379638454855
24509,4.74990282488053
24510,3.51020060132022
24511,3.22218849512528
24512,3.12011612612803
24513,3.04623188666699
24514,21.3556390072997
24515,11.7498768159808
24516,5.98280351570609
24517,4.08758001198021
24518,2.83751551326965
24519,2.52440856162536
24520,2.43186988074374
24521,2.38406811526705
24522,22.6260297941708
24523,12.7474339428441
24524,6.72379638454855
24525,4.74990282488053
24526,3.51020060132022
24527,3.22218849512528
24528,3.12011612612803
24529,3.04623188666699
24530,22.6260297941708
24531,12.7474339428441
24532,6.72379638454855
24533,4.74990282488053
24534,3.51020060132022
24535,3.22218849512528
24536,3.12011612612803
24537,3.04623188666699
24538,68.5656037818677
24539,32.0583791152311
24540,11.8607753474946
24541,12.5008078677248
24542,10.8693223662243
24543,9.60341187884324
24544,10.603077794607
24545,12.9315555279801
24546,21.3556390072997
24547,11.7498768159808
24548,5.98280351570609
24549,4.08758001198021
24550,2.83751551326965
24551,2.52440856162536
24552,2.43186988074374
24553,2.38406811526705
24554,22.6260297941708
24555,12.7474339428441
24556,6.72379638454855
24557,4.74990282488053
24558,3.51020060132022
24559,3.22218849512528
24560,3.12011612612803
24561,3.04623188666699
24562,21.5402179428446
24563,11.9545178239482
24564,6.18274308853252
24565,4.28278940695766
24566,3.08655054349142
24567,2.77778804475034
24568,2.67345061970601
24569,2.62007477606389
24570,23.6677719159234
24571,13.4730713844553
24572,7.35431232085649
24573,5.33720752530982
24574,4.07969190527036
24575,3.77259940659973
24576,3.64246097809706
24577,3.58003058385868
24578,22.6260297941708
24579,12.7474339428441
24580,6.72379638454855
24581,4.74990282488053
24582,3.51020060132022
24583,3.22218849512528
24584,3.12011612612803
24585,3.04623188666699
24586,22.6260297941708
24587,12.7474339428441
24588,6.72379638454855
24589,4.74990282488053
24590,3.51020060132022
24591,3.22218849512528
24592,3.12011612612803
24593,3.04623188666699
24594,22.6260297941708
24595,12.7474339428441
24596,6.72379638454855
24597,4.74990282488053
24598,3.51020060132022
24599,3.22218849512528
24600,3.12011612612803
24601,3.04623188666699
24602,22.6260297941708
24603,12.7474339428441
24604,6.72379638454855
24605,4.74990282488053
24606,3.51020060132022
24607,3.22218849512528
24608,3.12011612612803
24609,3.04623188666699
24610,15.2165868215717
24611,14.058087220466
24612,10.0400153291454
24613,11.3904746285487
24614,10.7713843653933
24615,21.3556390072997
24616,11.7498768159808
24617,5.98280351570609
24618,4.08758001198021
24619,2.83751551326965
24620,2.52440856162536
24621,2.43186988074374
24622,2.38406811526705
24623,22.6260297941708
24624,12.7474339428441
24625,6.72379638454855
24626,4.74990282488053
24627,3.51020060132022
24628,3.22218849512528
24629,3.12011612612803
24630,3.04623188666699
24631,43.4745849920884
24632,21.1701098635485
24633,11.6247263107491
24634,5.84383444123479
24635,3.88402311719144
24636,2.60454778583514
24637,2.32090883266896
24638,2.22538506334598
24639,2.1837670490029
24640,22.6260297941708
24641,12.7474339428441
24642,6.72379638454855
24643,4.74990282488053
24644,3.51020060132022
24645,3.22218849512528
24646,3.12011612612803
24647,3.04623188666699
24648,21.5402179428446
24649,11.9545178239482
24650,6.18274308853252
24651,4.28278940695766
24652,3.08655054349142
24653,2.77778804475034
24654,2.67345061970601
24655,2.62007477606389
24656,21.5402179428446
24657,11.9545178239482
24658,6.18274308853252
24659,4.28278940695766
24660,3.08655054349142
24661,2.77778804475034
24662,2.67345061970601
24663,2.62007477606389
24664,21.5402179428446
24665,11.9545178239482
24666,6.18274308853252
24667,4.28278940695766
24668,3.08655054349142
24669,2.77778804475034
24670,2.67345061970601
24671,2.62007477606389
24672,21.5402179428446
24673,11.9545178239482
24674,6.18274308853252
24675,4.28278940695766
24676,3.08655054349142
24677,2.77778804475034
24678,2.67345061970601
24679,2.62007477606389
24680,21.5402179428446
24681,11.9545178239482
24682,6.18274308853252
24683,4.28278940695766
24684,3.08655054349142
24685,2.77778804475034
24686,2.67345061970601
24687,2.62007477606389
24688,21.5402179428446
24689,11.9545178239482
24690,6.18274308853252
24691,4.28278940695766
24692,3.08655054349142
24693,2.77778804475034
24694,2.67345061970601
24695,2.62007477606389
24696,21.5402179428446
24697,11.9545178239482
24698,6.18274308853252
24699,4.28278940695766
24700,3.08655054349142
24701,2.77778804475034
24702,2.67345061970601
24703,2.62007477606389
24704,21.5402179428446
24705,11.9545178239482
24706,6.18274308853252
24707,4.28278940695766
24708,3.08655054349142
24709,2.77778804475034
24710,2.67345061970601
24711,2.62007477606389
24712,25.2201043167176
24713,15.4124761300228
24714,9.58431023381071
24715,7.61884995742333
24716,6.29160034911094
24717,6.05894376834789
24718,5.8604709587276
24719,5.75719041473762
24720,12.9139915785493
24721,9.10104573853728
24722,25.8605565186779
24723,13.7138523210614
24724,14.2972770230712
24725,6.01285836166396
24726,12.8461932260635
24727,6.99299499471144
24728,5.14205284384427
24729,23.8482426896362
24730,13.7313350436597
24731,7.55773398534525
24732,5.47934683077432
24733,4.18778816245127
24734,3.95128486365538
24735,3.79182403621529
24736,3.68452754495009
24737,98.2963880877945
24738,8.38597707523894
24739,24.0350730478665
24740,14.0808421758205
24741,8.18292367356611
24742,6.20423437449385
24743,5.03515806242805
24744,4.69198151300736
24745,4.50938557795379
24746,8.97119104585018
24747,30.2945768556253
24748,24.2136249982959
24749,13.8929830159353
24750,7.56995301039496
24751,5.51414273251744
24752,4.23604294634684
24753,3.95826472829493
24754,3.84763618574195
24755,3.78438709205258
24756,26.7456196329173
24757,6.73127903329174
24758,2.81558692949365
24759,24.2136249982959
24760,13.8929830159353
24761,7.56995301039496
24762,5.51414273251744
24763,4.23604294634684
24764,3.95826472829493
24765,3.84763618574195
24766,3.78438709205258
24767,22.1747283873959
24768,12.4249677571169
24769,6.57748985949333
24770,4.63815341250557
24771,3.42937039123848
24772,3.12903934548496
24773,3.02141548049434
24774,2.97478154136729
24775,63.1278956765835
24776,43.1389874576829
24777,18.9970022707463
24778,13.823598689097
24779,22.1747283873959
24780,12.4249677571169
24781,6.57748985949333
24782,4.63815341250557
24783,3.42937039123848
24784,3.12903934548496
24785,3.02141548049434
24786,2.97478154136729
24787,5.52878826382004
24788,4.49011808792911
24789,13.2747157375345
24790,4.40679278624913
24791,7.06933243184183
24792,23.6677719159234
24793,13.4730713844553
24794,7.35431232085649
24795,5.33720752530982
24796,4.07969190527036
24797,3.77259940659973
24798,3.64246097809706
24799,3.58003058385868
24800,24.0350730478665
24801,14.0808421758205
24802,8.18292367356611
24803,6.20423437449385
24804,5.03515806242805
24805,4.69198151300736
24806,4.50938557795379
24807,24.0350730478665
24808,14.0808421758205
24809,8.18292367356611
24810,6.20423437449385
24811,5.03515806242805
24812,4.69198151300736
24813,4.50938557795379
24814,17.2327015117299
24815,12.9000295317777
24816,9.45131089298002
24817,8.88988908184565
24818,12.2778850150931
24819,11.2343311169277
24820,8.03173324210521
24821,7.04503260851058
24822,6.55455529944793
24823,5.90815979113527
24824,21.8318523904392
24825,17.8329943517554
24826,16.0713698388699
24827,44.9424497054122
24828,19.7552232778341
24829,17.0064630543882
24830,13.9197567062858
24831,7.3643319638965
24832,26.7625920371518
24833,16.3280093389551
24834,9.90101577682484
24835,7.82957552535974
24836,6.56163338935624
24837,6.23742822821277
24838,6.09933455967468
24839,6.01375526676025
24840,24.2901791805059
24841,13.9324834498643
24842,7.6722627363381
24843,5.61975605490777
24844,4.3507575859068
24845,4.02131456127751
24846,3.90394869362584
24847,3.83163546092023
24848,23.6677719159234
24849,13.4730713844553
24850,7.35431232085649
24851,5.33720752530982
24852,4.07969190527036
24853,3.77259940659973
24854,3.64246097809706
24855,3.58003058385868
24856,23.6677719159234
24857,13.4730713844553
24858,7.35431232085649
24859,5.33720752530982
24860,4.07969190527036
24861,3.77259940659973
24862,3.64246097809706
24863,3.58003058385868
24864,54.8199933071608
24865,43.9054498152316
24866,21.2288312876821
24867,20.9398134453738
24868,22.1747283873959
24869,12.4249677571169
24870,6.57748985949333
24871,4.63815341250557
24872,3.42937039123848
24873,3.12903934548496
24874,3.02141548049434
24875,2.97478154136729
24876,177.257766231349
24877,233.094280404057
24878,114.265027364392
24879,60.2133566319453
24880,33.2820562688667
24881,28.9322701719683
24882,34.0158080564897
24883,16.5720840871717
24884,11.5396999727268
24885,21.3997683842419
24886,11.8085618428963
24887,6.03272181528933
24888,4.12991684802924
24889,2.9379857272029
24890,2.61018401235611
24891,2.48847603026307
24892,2.44162692340168
24893,11.3163845501132
24894,7.77670495574805
24895,5.23821739819305
24896,10.7970091780128
24897,20.0155372213934
24898,7.99734252289924
24899,14.7391132407168
24900,38.7277633728942
24901,12.2648446233264
24902,11.6757327016205
24903,16.3087021946207
24904,3.61808364519157
24905,2.2877536623556
24906,27.7854916021595
24907,7.05102441599944
24908,4.8161937701772
24909,27.9449853211841
24910,6.75812188296429
24911,2.63587772015508
24912,23.8482426896362
24913,13.7313350436597
24914,7.55773398534525
24915,5.47934683077432
24916,4.18778816245127
24917,3.95128486365538
24918,3.79182403621529
24919,3.68452754495009
24920,23.8482426896362
24921,13.7313350436597
24922,7.55773398534525
24923,5.47934683077432
24924,4.18778816245127
24925,3.95128486365538
24926,3.79182403621529
24927,3.68452754495009
24928,26.7234193895214
24929,16.143691754968
24930,9.61206666134122
24931,7.48045554542989
24932,6.18022618959295
24933,5.86755653509906
24934,5.69399062994721
24935,5.63664837393211
24936,22.6260297941708
24937,12.7474339428441
24938,6.72379638454855
24939,4.74990282488053
24940,3.51020060132022
24941,3.22218849512528
24942,3.12011612612803
24943,3.04623188666699
24944,22.6260297941708
24945,12.7474339428441
24946,6.72379638454855
24947,4.74990282488053
24948,3.51020060132022
24949,3.22218849512528
24950,3.12011612612803
24951,3.04623188666699
24952,24.2136249982959
24953,13.8929830159353
24954,7.56995301039496
24955,5.51414273251744
24956,4.23604294634684
24957,3.95826472829493
24958,3.84763618574195
24959,3.78438709205258
24960,22.1747283873959
24961,12.4249677571169
24962,6.57748985949333
24963,4.63815341250557
24964,3.42937039123848
24965,3.12903934548496
24966,3.02141548049434
24967,2.97478154136729
24968,26.7234193895214
24969,16.143691754968
24970,9.61206666134122
24971,7.48045554542989
24972,6.18022618959295
24973,5.86755653509906
24974,5.69399062994721
24975,5.63664837393211
24976,24.0350730478665
24977,14.0808421758205
24978,8.18292367356611
24979,6.20423437449385
24980,5.03515806242805
24981,4.69198151300736
24982,4.50938557795379
24983,21.3556390072997
24984,11.7498768159808
24985,5.98280351570609
24986,4.08758001198021
24987,2.83751551326965
24988,2.52440856162536
24989,2.43186988074374
24990,2.38406811526705
24991,23.6677719159234
24992,13.4730713844553
24993,7.35431232085649
24994,5.33720752530982
24995,4.07969190527036
24996,3.77259940659973
24997,3.64246097809706
24998,3.58003058385868
24999,22.6260297941708
25000,12.7474339428441
25001,6.72379638454855
25002,4.74990282488053
25003,3.51020060132022
25004,3.22218849512528
25005,3.12011612612803
25006,3.04623188666699
25007,22.6260297941708
25008,12.7474339428441
25009,6.72379638454855
25010,4.74990282488053
25011,3.51020060132022
25012,3.22218849512528
25013,3.12011612612803
25014,3.04623188666699
25015,74.9337408122498
25016,26.7234193895214
25017,16.143691754968
25018,9.61206666134122
25019,7.48045554542989
25020,6.18022618959295
25021,5.86755653509906
25022,5.69399062994721
25023,5.63664837393211
25024,24.0350730478665
25025,14.0808421758205
25026,8.18292367356611
25027,6.20423437449385
25028,5.03515806242805
25029,4.69198151300736
25030,4.50938557795379
25031,21.3556390072997
25032,11.7498768159808
25033,5.98280351570609
25034,4.08758001198021
25035,2.83751551326965
25036,2.52440856162536
25037,2.43186988074374
25038,2.38406811526705
25039,146.254846942572
25040,64.0408108257526
25041,40.9525581508357
25042,34.3235997176919
25043,27.5538039150458
25044,10.3781800352936
25045,22.6260297941708
25046,12.7474339428441
25047,6.72379638454855
25048,4.74990282488053
25049,3.51020060132022
25050,3.22218849512528
25051,3.12011612612803
25052,3.04623188666699
25053,22.6260297941708
25054,12.7474339428441
25055,6.72379638454855
25056,4.74990282488053
25057,3.51020060132022
25058,3.22218849512528
25059,3.12011612612803
25060,3.04623188666699
25061,124.698074081942
25062,76.486544360285
25063,58.1443240227973
25064,58.5456197204358
25065,26.7234193895214
25066,16.143691754968
25067,9.61206666134122
25068,7.48045554542989
25069,6.18022618959295
25070,5.86755653509906
25071,5.69399062994721
25072,5.63664837393211
25073,108.648507652335
25074,68.5045895797484
25075,39.8283672993412
25076,32.8801375358008
25077,27.0279363530107
25078,22.6260297941708
25079,12.7474339428441
25080,6.72379638454855
25081,4.74990282488053
25082,3.51020060132022
25083,3.22218849512528
25084,3.12011612612803
25085,3.04623188666699
25086,21.3556390072997
25087,11.7498768159808
25088,5.98280351570609
25089,4.08758001198021
25090,2.83751551326965
25091,2.52440856162536
25092,2.43186988074374
25093,2.38406811526705
25094,22.6260297941708
25095,12.7474339428441
25096,6.72379638454855
25097,4.74990282488053
25098,3.51020060132022
25099,3.22218849512528
25100,3.12011612612803
25101,3.04623188666699
25102,36.1924596926009
25103,21.5402179428446
25104,11.9545178239482
25105,6.18274308853252
25106,4.28278940695766
25107,3.08655054349142
25108,2.77778804475034
25109,2.67345061970601
25110,2.62007477606389
25111,105.537964173561
25112,21.7317527486322
25113,23.6677719159234
25114,13.4730713844553
25115,7.35431232085649
25116,5.33720752530982
25117,4.07969190527036
25118,3.77259940659973
25119,3.64246097809706
25120,3.58003058385868
25121,24.2901791805059
25122,13.9324834498643
25123,7.6722627363381
25124,5.61975605490777
25125,4.3507575859068
25126,4.02131456127751
25127,3.90394869362584
25128,3.83163546092023
25129,23.6677719159234
25130,13.4730713844553
25131,7.35431232085649
25132,5.33720752530982
25133,4.07969190527036
25134,3.77259940659973
25135,3.64246097809706
25136,3.58003058385868
25137,22.6260297941708
25138,12.7474339428441
25139,6.72379638454855
25140,4.74990282488053
25141,3.51020060132022
25142,3.22218849512528
25143,3.12011612612803
25144,3.04623188666699
25145,22.6260297941708
25146,12.7474339428441
25147,6.72379638454855
25148,4.74990282488053
25149,3.51020060132022
25150,3.22218849512528
25151,3.12011612612803
25152,3.04623188666699
25153,22.6260297941708
25154,12.7474339428441
25155,6.72379638454855
25156,4.74990282488053
25157,3.51020060132022
25158,3.22218849512528
25159,3.12011612612803
25160,3.04623188666699
25161,22.6260297941708
25162,12.7474339428441
25163,6.72379638454855
25164,4.74990282488053
25165,3.51020060132022
25166,3.22218849512528
25167,3.12011612612803
25168,3.04623188666699
25169,22.6260297941708
25170,12.7474339428441
25171,6.72379638454855
25172,4.74990282488053
25173,3.51020060132022
25174,3.22218849512528
25175,3.12011612612803
25176,3.04623188666699
25177,26.7234193895214
25178,16.143691754968
25179,9.61206666134122
25180,7.48045554542989
25181,6.18022618959295
25182,5.86755653509906
25183,5.69399062994721
25184,5.63664837393211
25185,26.7234193895214
25186,16.143691754968
25187,9.61206666134122
25188,7.48045554542989
25189,6.18022618959295
25190,5.86755653509906
25191,5.69399062994721
25192,5.63664837393211
25193,26.7234193895214
25194,16.143691754968
25195,9.61206666134122
25196,7.48045554542989
25197,6.18022618959295
25198,5.86755653509906
25199,5.69399062994721
25200,5.63664837393211
25201,22.6260297941708
25202,12.7474339428441
25203,6.72379638454855
25204,4.74990282488053
25205,3.51020060132022
25206,3.22218849512528
25207,3.12011612612803
25208,3.04623188666699
25209,22.6260297941708
25210,12.7474339428441
25211,6.72379638454855
25212,4.74990282488053
25213,3.51020060132022
25214,3.22218849512528
25215,3.12011612612803
25216,3.04623188666699
25217,21.5402179428446
25218,11.9545178239482
25219,6.18274308853252
25220,4.28278940695766
25221,3.08655054349142
25222,2.77778804475034
25223,2.67345061970601
25224,2.62007477606389
25225,23.6677719159234
25226,13.4730713844553
25227,7.35431232085649
25228,5.33720752530982
25229,4.07969190527036
25230,3.77259940659973
25231,3.64246097809706
25232,3.58003058385868
25233,21.3997683842419
25234,11.8085618428963
25235,6.03272181528933
25236,4.12991684802924
25237,2.9379857272029
25238,2.61018401235611
25239,2.48847603026307
25240,2.44162692340168
25241,7.75962378377444
25242,5.47395357691443
25243,7.75962378377444
25244,10.2292468289364
25245,11.5926044770424
25246,39.7027700753154
25247,27.9353197533326
25248,20.245753182607
25249,18.372104028196
25250,19.0565349491781
25251,18.8998023410424
25252,18.000936416787
25253,15.5404916263152
25254,8.60693729143203
25255,22.524847055539
25256,15.8612531888198
25257,14.7857069668516
25258,8.50003362317091
25259,24.0350730478665
25260,14.0808421758205
25261,8.18292367356611
25262,6.20423437449385
25263,5.03515806242805
25264,4.69198151300736
25265,4.50938557795379
25266,21.3556390072997
25267,11.7498768159808
25268,5.98280351570609
25269,4.08758001198021
25270,2.83751551326965
25271,2.52440856162536
25272,2.43186988074374
25273,2.38406811526705
25274,22.6260297941708
25275,12.7474339428441
25276,6.72379638454855
25277,4.74990282488053
25278,3.51020060132022
25279,3.22218849512528
25280,3.12011612612803
25281,3.04623188666699
25282,26.7234193895214
25283,16.143691754968
25284,9.61206666134122
25285,7.48045554542989
25286,6.18022618959295
25287,5.86755653509906
25288,5.69399062994721
25289,5.63664837393211
25290,23.8482426896362
25291,13.7313350436597
25292,7.55773398534525
25293,5.47934683077432
25294,4.18778816245127
25295,3.95128486365538
25296,3.79182403621529
25297,3.68452754495009
25298,22.6260297941708
25299,12.7474339428441
25300,6.72379638454855
25301,4.74990282488053
25302,3.51020060132022
25303,3.22218849512528
25304,3.12011612612803
25305,3.04623188666699
25306,23.8482426896362
25307,13.7313350436597
25308,7.55773398534525
25309,5.47934683077432
25310,4.18778816245127
25311,3.95128486365538
25312,3.79182403621529
25313,3.68452754495009
25314,146.681455366691
25315,61.3464767888286
25316,31.1249868710683
25317,24.0241787361662
25318,20.2421005359924
25319,45.7932244865975
25320,26.7625920371518
25321,16.3280093389551
25322,9.90101577682484
25323,7.82957552535974
25324,6.56163338935624
25325,6.23742822821277
25326,6.09933455967468
25327,6.01375526676025
25328,7.75962378377444
25329,7.75962378377444
25330,7.75962378377444
25331,7.75962378377444
25332,7.75962378377444
25333,33.2312118496949
25334,96.4180293999137
25335,47.9314400855863
25336,28.1118318719575
25337,17.7417088987648
25338,15.2792269560157
25339,16.4654253576807
25340,4.18643096006681
25341,4.42586114464152
25342,7.75962378377444
25343,7.75962378377444
25344,7.75962378377444
25345,7.75962378377444
25346,7.75962378377444
25347,7.75962378377444
25348,7.75962378377444
25349,7.75962378377444
25350,7.75962378377444
25351,36.8091451819773
25352,22.7874832250351
25353,20.7647819121825
25354,17.0923897558008
25355,56.2963418303794
25356,33.7071423911463
25357,30.3923239964544
25358,22.5195865273531
25359,26.9718377143782
25360,24.9307754148603
25361,14.5275044221937
25362,8.07609013114248
25363,6.03045160920204
25364,4.68776836222145
25365,4.44634185290089
25366,4.30140865226344
25367,4.2517046861084
25368,5.35038512970887
25369,7.25984749324115
25370,23.4165395729354
25371,15.6850366045846
25372,14.270932784632
25373,9.9365746790223
25374,6.34389271893131
25375,5.66293562741394
25376,5.76334199350694
25377,11.2243044101642
25378,6.26428979121506
25379,8.56772381710157
25380,8.56772381710157
25381,26.7234193895214
25382,16.143691754968
25383,9.61206666134122
25384,7.48045554542989
25385,6.18022618959295
25386,5.86755653509906
25387,5.69399062994721
25388,5.63664837393211
25389,26.7234193895214
25390,16.143691754968
25391,9.61206666134122
25392,7.48045554542989
25393,6.18022618959295
25394,5.86755653509906
25395,5.69399062994721
25396,5.63664837393211
25397,23.6677719159234
25398,13.4730713844553
25399,7.35431232085649
25400,5.33720752530982
25401,4.07969190527036
25402,3.77259940659973
25403,3.64246097809706
25404,3.58003058385868
25405,23.6677719159234
25406,13.4730713844553
25407,7.35431232085649
25408,5.33720752530982
25409,4.07969190527036
25410,3.77259940659973
25411,3.64246097809706
25412,3.58003058385868
25413,23.6677719159234
25414,13.4730713844553
25415,7.35431232085649
25416,5.33720752530982
25417,4.07969190527036
25418,3.77259940659973
25419,3.64246097809706
25420,3.58003058385868
25421,2.71051607785414
25422,4.2715210686123
25423,21.4514031433631
25424,11.83035881375
25425,6.07283221320268
25426,4.15939747616126
25427,2.95761117828888
25428,2.65007311169848
25429,2.51890156991467
25430,2.46035756420342
25431,22.1747283873959
25432,12.4249677571169
25433,6.57748985949333
25434,4.63815341250557
25435,3.42937039123848
25436,3.12903934548496
25437,3.02141548049434
25438,2.97478154136729
25439,21.5402179428446
25440,11.9545178239482
25441,6.18274308853252
25442,4.28278940695766
25443,3.08655054349142
25444,2.77778804475034
25445,2.67345061970601
25446,2.62007477606389
25447,32.569574688306
25448,12.6886705467781
25449,57.8339681640526
25450,7.59488201568439
25451,26.7234193895214
25452,16.143691754968
25453,9.61206666134122
25454,7.48045554542989
25455,6.18022618959295
25456,5.86755653509906
25457,5.69399062994721
25458,5.63664837393211
25459,23.8482426896362
25460,13.7313350436597
25461,7.55773398534525
25462,5.47934683077432
25463,4.18778816245127
25464,3.95128486365538
25465,3.79182403621529
25466,3.68452754495009
25467,184.687811291021
25468,94.8224292383277
25469,77.0151093796024
25470,68.9004791934137
25471,53.0101226918956
25472,26.7234193895214
25473,16.143691754968
25474,9.61206666134122
25475,7.48045554542989
25476,6.18022618959295
25477,5.86755653509906
25478,5.69399062994721
25479,5.63664837393211
25480,21.1701098635485
25481,11.6247263107491
25482,5.84383444123479
25483,3.88402311719144
25484,2.60454778583514
25485,2.32090883266896
25486,2.22538506334598
25487,2.1837670490029
25488,21.5402179428446
25489,11.9545178239482
25490,6.18274308853252
25491,4.28278940695766
25492,3.08655054349142
25493,2.77778804475034
25494,2.67345061970601
25495,2.62007477606389
25496,21.5402179428446
25497,11.9545178239482
25498,6.18274308853252
25499,4.28278940695766
25500,3.08655054349142
25501,2.77778804475034
25502,2.67345061970601
25503,2.62007477606389
25504,21.3997683842419
25505,11.8085618428963
25506,6.03272181528933
25507,4.12991684802924
25508,2.9379857272029
25509,2.61018401235611
25510,2.48847603026307
25511,2.44162692340168
25512,21.4514031433631
25513,11.83035881375
25514,6.07283221320268
25515,4.15939747616126
25516,2.95761117828888
25517,2.65007311169848
25518,2.51890156991467
25519,2.46035756420342
25520,3.61175399368136
25521,5.55639378017479
25522,3.62381317900044
25523,3.40392844103199
25524,22.6260297941708
25525,12.7474339428441
25526,6.72379638454855
25527,4.74990282488053
25528,3.51020060132022
25529,3.22218849512528
25530,3.12011612612803
25531,3.04623188666699
25532,21.3997683842419
25533,11.8085618428963
25534,6.03272181528933
25535,4.12991684802924
25536,2.9379857272029
25537,2.61018401235611
25538,2.48847603026307
25539,2.44162692340168
25540,23.8482426896362
25541,13.7313350436597
25542,7.55773398534525
25543,5.47934683077432
25544,4.18778816245127
25545,3.95128486365538
25546,3.79182403621529
25547,3.68452754495009
25548,24.0350730478665
25549,14.0808421758205
25550,8.18292367356611
25551,6.20423437449385
25552,5.03515806242805
25553,4.69198151300736
25554,4.50938557795379
25555,21.3997683842419
25556,11.8085618428963
25557,6.03272181528933
25558,4.12991684802924
25559,2.9379857272029
25560,2.61018401235611
25561,2.48847603026307
25562,2.44162692340168
25563,26.7234193895214
25564,16.143691754968
25565,9.61206666134122
25566,7.48045554542989
25567,6.18022618959295
25568,5.86755653509906
25569,5.69399062994721
25570,5.63664837393211
25571,24.0350730478665
25572,14.0808421758205
25573,8.18292367356611
25574,6.20423437449385
25575,5.03515806242805
25576,4.69198151300736
25577,4.50938557795379
25578,22.6260297941708
25579,12.7474339428441
25580,6.72379638454855
25581,4.74990282488053
25582,3.51020060132022
25583,3.22218849512528
25584,3.12011612612803
25585,3.04623188666699
25586,22.1747283873959
25587,12.4249677571169
25588,6.57748985949333
25589,4.63815341250557
25590,3.42937039123848
25591,3.12903934548496
25592,3.02141548049434
25593,2.97478154136729
25594,26.7234193895214
25595,16.143691754968
25596,9.61206666134122
25597,7.48045554542989
25598,6.18022618959295
25599,5.86755653509906
25600,5.69399062994721
25601,5.63664837393211
25602,26.7625920371518
25603,16.3280093389551
25604,9.90101577682484
25605,7.82957552535974
25606,6.56163338935624
25607,6.23742822821277
25608,6.09933455967468
25609,6.01375526676025
25610,26.7625920371518
25611,16.3280093389551
25612,9.90101577682484
25613,7.82957552535974
25614,6.56163338935624
25615,6.23742822821277
25616,6.09933455967468
25617,6.01375526676025
25618,2.22123250873695
25619,1.70830393582937
25620,1.71735613958563
25621,1.85207408323787
25622,1.84505550464749
25623,26.7234193895214
25624,16.143691754968
25625,9.61206666134122
25626,7.48045554542989
25627,6.18022618959295
25628,5.86755653509906
25629,5.69399062994721
25630,5.63664837393211
25631,26.7234193895214
25632,16.143691754968
25633,9.61206666134122
25634,7.48045554542989
25635,6.18022618959295
25636,5.86755653509906
25637,5.69399062994721
25638,5.63664837393211
25639,21.3556390072997
25640,11.7498768159808
25641,5.98280351570609
25642,4.08758001198021
25643,2.83751551326965
25644,2.52440856162536
25645,2.43186988074374
25646,2.38406811526705
25647,22.6260297941708
25648,12.7474339428441
25649,6.72379638454855
25650,4.74990282488053
25651,3.51020060132022
25652,3.22218849512528
25653,3.12011612612803
25654,3.04623188666699
25655,26.7625920371518
25656,16.3280093389551
25657,9.90101577682484
25658,7.82957552535974
25659,6.56163338935624
25660,6.23742822821277
25661,6.09933455967468
25662,6.01375526676025
25663,26.7625920371518
25664,16.3280093389551
25665,9.90101577682484
25666,7.82957552535974
25667,6.56163338935624
25668,6.23742822821277
25669,6.09933455967468
25670,6.01375526676025
25671,26.7625920371518
25672,16.3280093389551
25673,9.90101577682484
25674,7.82957552535974
25675,6.56163338935624
25676,6.23742822821277
25677,6.09933455967468
25678,6.01375526676025
25679,12.3926831189209
25680,7.39055786333978
25681,6.55482202356895
25682,5.9231337472122
25683,26.7234193895214
25684,16.143691754968
25685,9.61206666134122
25686,7.48045554542989
25687,6.18022618959295
25688,5.86755653509906
25689,5.69399062994721
25690,5.63664837393211
25691,26.7234193895214
25692,16.143691754968
25693,9.61206666134122
25694,7.48045554542989
25695,6.18022618959295
25696,5.86755653509906
25697,5.69399062994721
25698,5.63664837393211
25699,61.1998155229888
25700,37.1856943310258
25701,35.3391041683336
25702,24.1785225135726
25703,26.7234193895214
25704,16.143691754968
25705,9.61206666134122
25706,7.48045554542989
25707,6.18022618959295
25708,5.86755653509906
25709,5.69399062994721
25710,5.63664837393211
25711,26.7625920371518
25712,16.3280093389551
25713,9.90101577682484
25714,7.82957552535974
25715,6.56163338935624
25716,6.23742822821277
25717,6.09933455967468
25718,6.01375526676025
25719,26.7625920371518
25720,16.3280093389551
25721,9.90101577682484
25722,7.82957552535974
25723,6.56163338935624
25724,6.23742822821277
25725,6.09933455967468
25726,6.01375526676025
25727,162.805771103309
25728,76.7169664798979
25729,49.9927671101268
25730,40.2371372426826
25731,36.2176053333927
25732,21.5402179428446
25733,11.9545178239482
25734,6.18274308853252
25735,4.28278940695766
25736,3.08655054349142
25737,2.77778804475034
25738,2.67345061970601
25739,2.62007477606389
25740,5.6988069549885
25741,26.7625920371518
25742,16.3280093389551
25743,9.90101577682484
25744,7.82957552535974
25745,6.56163338935624
25746,6.23742822821277
25747,6.09933455967468
25748,6.01375526676025
25749,3.25320151949733
25750,26.7625920371518
25751,16.3280093389551
25752,9.90101577682484
25753,7.82957552535974
25754,6.56163338935624
25755,6.23742822821277
25756,6.09933455967468
25757,6.01375526676025
25758,26.7625920371518
25759,16.3280093389551
25760,9.90101577682484
25761,7.82957552535974
25762,6.56163338935624
25763,6.23742822821277
25764,6.09933455967468
25765,6.01375526676025
25766,25.2201043167176
25767,15.4124761300228
25768,9.58431023381071
25769,7.61884995742333
25770,6.29160034911094
25771,6.05894376834789
25772,5.8604709587276
25773,5.75719041473762
25774,43.5213313944742
25775,29.8571321667403
25776,15.9271943312926
25777,8.53595595046168
25778,5.89649177030732
25779,4.86184387229491
25780,4.85272293517943
25781,4.8981961355806
25782,40.6221046244056
25783,24.1737542809482
25784,14.1565060826802
25785,6.79647680975416
25786,5.22030465976036
25787,4.48669167910559
25788,4.5022049503837
25789,4.50515617490641
25790,22.1747283873959
25791,12.4249677571169
25792,6.57748985949333
25793,4.63815341250557
25794,3.42937039123848
25795,3.12903934548496
25796,3.02141548049434
25797,2.97478154136729
25798,23.6677719159234
25799,13.4730713844553
25800,7.35431232085649
25801,5.33720752530982
25802,4.07969190527036
25803,3.77259940659973
25804,3.64246097809706
25805,3.58003058385868
25806,7.81780400200966
25807,43.1598970310984
25808,13.0046083384539
25809,9.62713190804127
25810,28.5884280373677
25811,6.98076451976733
25812,3.13993485058152
25813,22.6260297941708
25814,12.7474339428441
25815,6.72379638454855
25816,4.74990282488053
25817,3.51020060132022
25818,3.22218849512528
25819,3.12011612612803
25820,3.04623188666699
25821,31.2554214183573
25822,36.1776741429867
25823,14.90167090467
25824,13.5996642054717
25825,9.59843518451543
25826,31.2520014697247
25827,23.4545688829578
25828,16.6200318967708
25829,14.4067913797117
25830,13.2081379901512
25831,8.24439362043867
25832,14.704060475105
25833,11.5193999611127
25834,6.50332033263422
25835,66.092731486523
25836,34.3938498411444
25837,22.6260297941708
25838,12.7474339428441
25839,6.72379638454855
25840,4.74990282488053
25841,3.51020060132022
25842,3.22218849512528
25843,3.12011612612803
25844,3.04623188666699
25845,5.64892327777959
25846,1.76943079151435
25847,12.1326125198968
25848,7.4610447638082
25849,3.25320151949733
25850,23.9997058171265
25851,245.137582933927
25852,7.21995645689727
25853,8.71771196488239
25854,3.24080538636573
25855,32.645329949552
25856,3.12969538661214
25857,3.33224376453096
25858,23.1643087762873
25859,9.325283973137
25860,5.15730940523507
25861,5.5950076077819
25862,43.2981506659851
25863,6.02938009365206
25864,6.29262609947636
25865,12.5426546754953
25866,25.2270362659945
25867,11.9312092312429
25868,142.106311439235
25869,46.9532907636097
25870,46.9532907636097
25871,46.9532907636097
25872,46.9532907636097
25873,3.02495778119881
25874,31.8997154232365
25875,9.15917985594903
25876,3.89924614931681
25877,15.3977437247249
25878,7.13819059454707
25879,20.3791183573245
25880,13.0865263447612
25881,13.4373200662104
25882,10.2133855666867
25883,5.42968807322208
25884,28.5790603154175
25885,6.82195242556361
25886,2.86770958706736
25887,29.0560523480288
25888,7.92624402325381
25889,4.1392502219949
25890,26.3742195862587
25891,12.132127560724
25892,3.07181354684585
25893,2.44571910762882
25894,4.54994010845085
25895,9.68449573148236
25896,58.7212326563271
25897,18.7806678975491
25898,12.7952919893643
25899,7.15918024389769
25900,24.1496165856379
25901,17.1854584357019
25902,17.2191709002454
25903,23.9140031784649
25904,16.465919869802
25905,17.0584384733067
25906,11.8777552565681
25907,5.85495562346538
25908,9.8769783843359
25909,9.8769783843359
25910,9.8769783843359
25911,26.1944105554097
25912,17.1854584357019
25913,17.8278245876793
25914,9.75828174654551
25915,15.2792269560157
25916,3.5134121930719
25917,4.44218426484491
25918,16.0695984181731
25919,8.23212822748657
25920,22.2820775516184
25921,20.0348001628311
25922,17.1854584357019
25923,57.3233713500194
25924,8.43062908187035
25925,7.91404134560583
25926,11.910231432869
25927,27.6098251065198
25928,8.43062908187035
25929,10.6327569816812
25930,13.5462294741549
25931,16.7398414119713
25932,19.9712775071233
25933,22.6260297941708
25934,12.7474339428441
25935,6.72379638454855
25936,4.74990282488053
25937,3.51020060132022
25938,3.22218849512528
25939,3.12011612612803
25940,3.04623188666699
25941,5.93660869943485
25942,30.6605010706953
25943,10.4355494737055
25944,24.9307754148603
25945,14.5275044221937
25946,8.07609013114248
25947,6.03045160920204
25948,4.68776836222145
25949,4.44634185290089
25950,4.30140865226344
25951,4.2517046861084
25952,34.4024238358341
25953,9.69562737781196
25954,11.825035123069
25955,26.7234193895214
25956,16.143691754968
25957,9.61206666134122
25958,7.48045554542989
25959,6.18022618959295
25960,5.86755653509906
25961,5.69399062994721
25962,5.63664837393211
25963,4.12356385327694
25964,59.6382142439833
25965,27.3773940148106
25966,28.8052359587934
25967,20.5407304110585
25968,21.4989445586634
25969,23.5071565925659
25970,8.10274251166653
25971,22.6260297941708
25972,12.7474339428441
25973,6.72379638454855
25974,4.74990282488053
25975,3.51020060132022
25976,3.22218849512528
25977,3.12011612612803
25978,3.04623188666699
25979,22.1747283873959
25980,12.4249677571169
25981,6.57748985949333
25982,4.63815341250557
25983,3.42937039123848
25984,3.12903934548496
25985,3.02141548049434
25986,2.97478154136729
25987,6.48210990392623
25988,6.88962764209107
25989,7.01498790835735
25990,3.59008693078672
25991,46.2621399382323
25992,17.5932360246126
25993,16.3693335701027
25994,18.3746896614877
25995,10.8577673540349
25996,17.1238283632968
25997,18.3094169131896
25998,6.34389271893131
25999,6.869443732863
26000,14.7391132407168
26001,36.8193951450332
26002,2.50554733302545
26003,22.6260297941708
26004,12.7474339428441
26005,6.72379638454855
26006,4.74990282488053
26007,3.51020060132022
26008,3.22218849512528
26009,3.12011612612803
26010,3.04623188666699
26011,23.6677719159234
26012,13.4730713844553
26013,7.35431232085649
26014,5.33720752530982
26015,4.07969190527036
26016,3.77259940659973
26017,3.64246097809706
26018,3.58003058385868
26019,15.0477577928786
26020,30.9672709042085
26021,7.06643698226049
26022,2.68273816448781
26023,22.6260297941708
26024,12.7474339428441
26025,6.72379638454855
26026,4.74990282488053
26027,3.51020060132022
26028,3.22218849512528
26029,3.12011612612803
26030,3.04623188666699
26031,23.6677719159234
26032,13.4730713844553
26033,7.35431232085649
26034,5.33720752530982
26035,4.07969190527036
26036,3.77259940659973
26037,3.64246097809706
26038,3.58003058385868
26039,128.011557396864
26040,57.7522204156533
26041,33.2415671896492
26042,32.8019718020209
26043,26.2195943709318
26044,21.5402179428446
26045,11.9545178239482
26046,6.18274308853252
26047,4.28278940695766
26048,3.08655054349142
26049,2.77778804475034
26050,2.67345061970601
26051,2.62007477606389
26052,12.8969090755957
26053,21.5402179428446
26054,11.9545178239482
26055,6.18274308853252
26056,4.28278940695766
26057,3.08655054349142
26058,2.77778804475034
26059,2.67345061970601
26060,2.62007477606389
26061,21.5402179428446
26062,11.9545178239482
26063,6.18274308853252
26064,4.28278940695766
26065,3.08655054349142
26066,2.77778804475034
26067,2.67345061970601
26068,2.62007477606389
26069,22.6260297941708
26070,12.7474339428441
26071,6.72379638454855
26072,4.74990282488053
26073,3.51020060132022
26074,3.22218849512528
26075,3.12011612612803
26076,3.04623188666699
26077,23.8482426896362
26078,13.7313350436597
26079,7.55773398534525
26080,5.47934683077432
26081,4.18778816245127
26082,3.95128486365538
26083,3.79182403621529
26084,3.68452754495009
26085,22.6260297941708
26086,12.7474339428441
26087,6.72379638454855
26088,4.74990282488053
26089,3.51020060132022
26090,3.22218849512528
26091,3.12011612612803
26092,3.04623188666699
26093,23.8482426896362
26094,13.7313350436597
26095,7.55773398534525
26096,5.47934683077432
26097,4.18778816245127
26098,3.95128486365538
26099,3.79182403621529
26100,3.68452754495009
26101,154.932786316491
26102,22.6260297941708
26103,12.7474339428441
26104,6.72379638454855
26105,4.74990282488053
26106,3.51020060132022
26107,3.22218849512528
26108,3.12011612612803
26109,3.04623188666699
26110,22.6260297941708
26111,12.7474339428441
26112,6.72379638454855
26113,4.74990282488053
26114,3.51020060132022
26115,3.22218849512528
26116,3.12011612612803
26117,3.04623188666699
26118,6.60739697251078
26119,22.6260297941708
26120,12.7474339428441
26121,6.72379638454855
26122,4.74990282488053
26123,3.51020060132022
26124,3.22218849512528
26125,3.12011612612803
26126,3.04623188666699
26127,3.27151183008976
26128,22.1747283873959
26129,12.4249677571169
26130,6.57748985949333
26131,4.63815341250557
26132,3.42937039123848
26133,3.12903934548496
26134,3.02141548049434
26135,2.97478154136729
26136,7.91404134560583
26137,8.43062908187035
26138,7.82670126664941
26139,7.79145104825778
26140,8.05923178854205
26141,26.7625920371518
26142,16.3280093389551
26143,9.90101577682484
26144,7.82957552535974
26145,6.56163338935624
26146,6.23742822821277
26147,6.09933455967468
26148,6.01375526676025
26149,23.6677719159234
26150,13.4730713844553
26151,7.35431232085649
26152,5.33720752530982
26153,4.07969190527036
26154,3.77259940659973
26155,3.64246097809706
26156,3.58003058385868
26157,26.7625920371518
26158,16.3280093389551
26159,9.90101577682484
26160,7.82957552535974
26161,6.56163338935624
26162,6.23742822821277
26163,6.09933455967468
26164,6.01375526676025
26165,24.2136249982959
26166,13.8929830159353
26167,7.56995301039496
26168,5.51414273251744
26169,4.23604294634684
26170,3.95826472829493
26171,3.84763618574195
26172,3.78438709205258
26173,1.76297196842133
26174,146.254846942572
26175,64.0408108257526
26176,40.9525581508357
26177,34.3235997176919
26178,27.5538039150458
26179,26.7625920371518
26180,16.3280093389551
26181,9.90101577682484
26182,7.82957552535974
26183,6.56163338935624
26184,6.23742822821277
26185,6.09933455967468
26186,6.01375526676025
26187,22.1747283873959
26188,12.4249677571169
26189,6.57748985949333
26190,4.63815341250557
26191,3.42937039123848
26192,3.12903934548496
26193,3.02141548049434
26194,2.97478154136729
26195,26.7625920371518
26196,16.3280093389551
26197,9.90101577682484
26198,7.82957552535974
26199,6.56163338935624
26200,6.23742822821277
26201,6.09933455967468
26202,6.01375526676025
26203,4.95435511827356
26204,3.83946646118425
26205,3.59263166886503
26206,3.51643035410103
26207,1.81226191124534
26208,1.72876798686489
26209,1.70830393582937
26210,1.72084694182563
26211,1.71735613958563
26212,21.5402179428446
26213,11.9545178239482
26214,6.18274308853252
26215,4.28278940695766
26216,3.08655054349142
26217,2.77778804475034
26218,2.67345061970601
26219,2.62007477606389
26220,22.6260297941708
26221,12.7474339428441
26222,6.72379638454855
26223,4.74990282488053
26224,3.51020060132022
26225,3.22218849512528
26226,3.12011612612803
26227,3.04623188666699
26228,22.1747283873959
26229,12.4249677571169
26230,6.57748985949333
26231,4.63815341250557
26232,3.42937039123848
26233,3.12903934548496
26234,3.02141548049434
26235,2.97478154136729
26236,113.654118970914
26237,46.7032301957801
26238,29.6058871833037
26239,37.0145162409984
26240,33.974013770265
26241,12.1551827293724
26242,23.6677719159234
26243,13.4730713844553
26244,7.35431232085649
26245,5.33720752530982
26246,4.07969190527036
26247,3.77259940659973
26248,3.64246097809706
26249,3.58003058385868
26250,21.5811054214194
26251,11.9967729811674
26252,6.22847349048808
26253,4.30188163378876
26254,3.07602197508895
26255,2.77246088880403
26256,2.68412859353427
26257,2.62487021730008
26258,21.5811054214194
26259,11.9967729811674
26260,6.22847349048808
26261,4.30188163378876
26262,3.07602197508895
26263,2.77246088880403
26264,2.68412859353427
26265,2.62487021730008
26266,22.6260297941708
26267,12.7474339428441
26268,6.72379638454855
26269,4.74990282488053
26270,3.51020060132022
26271,3.22218849512528
26272,3.12011612612803
26273,3.04623188666699
26274,22.6260297941708
26275,12.7474339428441
26276,6.72379638454855
26277,4.74990282488053
26278,3.51020060132022
26279,3.22218849512528
26280,3.12011612612803
26281,3.04623188666699
26282,21.3556390072997
26283,11.7498768159808
26284,5.98280351570609
26285,4.08758001198021
26286,2.83751551326965
26287,2.52440856162536
26288,2.43186988074374
26289,2.38406811526705
26290,23.6677719159234
26291,13.4730713844553
26292,7.35431232085649
26293,5.33720752530982
26294,4.07969190527036
26295,3.77259940659973
26296,3.64246097809706
26297,3.58003058385868
26298,21.3556390072997
26299,11.7498768159808
26300,5.98280351570609
26301,4.08758001198021
26302,2.83751551326965
26303,2.52440856162536
26304,2.43186988074374
26305,2.38406811526705
26306,21.3556390072997
26307,11.7498768159808
26308,5.98280351570609
26309,4.08758001198021
26310,2.83751551326965
26311,2.52440856162536
26312,2.43186988074374
26313,2.38406811526705
26314,26.7234193895214
26315,16.143691754968
26316,9.61206666134122
26317,7.48045554542989
26318,6.18022618959295
26319,5.86755653509906
26320,5.69399062994721
26321,5.63664837393211
26322,14.970573273739
26323,9.97344726660048
26324,8.21833172238868
26325,7.27680038964725
26326,22.6260297941708
26327,12.7474339428441
26328,6.72379638454855
26329,4.74990282488053
26330,3.51020060132022
26331,3.22218849512528
26332,3.12011612612803
26333,3.04623188666699
26334,22.6260297941708
26335,12.7474339428441
26336,6.72379638454855
26337,4.74990282488053
26338,3.51020060132022
26339,3.22218849512528
26340,3.12011612612803
26341,3.04623188666699
26342,26.7234193895214
26343,16.143691754968
26344,9.61206666134122
26345,7.48045554542989
26346,6.18022618959295
26347,5.86755653509906
26348,5.69399062994721
26349,5.63664837393211
26350,26.7234193895214
26351,16.143691754968
26352,9.61206666134122
26353,7.48045554542989
26354,6.18022618959295
26355,5.86755653509906
26356,5.69399062994721
26357,5.63664837393211
26358,26.7234193895214
26359,16.143691754968
26360,9.61206666134122
26361,7.48045554542989
26362,6.18022618959295
26363,5.86755653509906
26364,5.69399062994721
26365,5.63664837393211
26366,23.6677719159234
26367,13.4730713844553
26368,7.35431232085649
26369,5.33720752530982
26370,4.07969190527036
26371,3.77259940659973
26372,3.64246097809706
26373,3.58003058385868
26374,21.3556390072997
26375,11.7498768159808
26376,5.98280351570609
26377,4.08758001198021
26378,2.83751551326965
26379,2.52440856162536
26380,2.43186988074374
26381,2.38406811526705
26382,21.3556390072997
26383,11.7498768159808
26384,5.98280351570609
26385,4.08758001198021
26386,2.83751551326965
26387,2.52440856162536
26388,2.43186988074374
26389,2.38406811526705
26390,21.3556390072997
26391,11.7498768159808
26392,5.98280351570609
26393,4.08758001198021
26394,2.83751551326965
26395,2.52440856162536
26396,2.43186988074374
26397,2.38406811526705
26398,24.2901791805059
26399,13.9324834498643
26400,7.6722627363381
26401,5.61975605490777
26402,4.3507575859068
26403,4.02131456127751
26404,3.90394869362584
26405,3.83163546092023
26406,22.6260297941708
26407,12.7474339428441
26408,6.72379638454855
26409,4.74990282488053
26410,3.51020060132022
26411,3.22218849512528
26412,3.12011612612803
26413,3.04623188666699
26414,21.5811054214194
26415,11.9967729811674
26416,6.22847349048808
26417,4.30188163378876
26418,3.07602197508895
26419,2.77246088880403
26420,2.68412859353427
26421,2.62487021730008
26422,21.4514031433631
26423,11.83035881375
26424,6.07283221320268
26425,4.15939747616126
26426,2.95761117828888
26427,2.65007311169848
26428,2.51890156991467
26429,2.46035756420342
26430,9.02532852133826
26431,28.5790603154175
26432,6.82195242556361
26433,2.86770958706736
26434,3.89924647318986
26435,11.4496603033629
26436,6.34389271893131
26437,12.6772293367298
26438,18.0868551061032
26439,12.8398869983265
26440,11.2864904404708
26441,9.212765650537
26442,18.4866444960439
26443,7.49320420405375
26444,4.50224707570157
26445,6.71562374779742
26446,28.5790603154175
26447,6.82195242556361
26448,2.86770958706736
26449,118.690521193593
26450,18.1971658138914
26451,37.3046949145462
26452,14.5291982909182
26453,13.1126072343206
26454,4.04802358550182
26455,4.25005485955504
26456,31.0641990490966
26457,20.8485500618761
26458,11.0614382241884
26459,11.2719048191557
26460,14.0781297700721
26461,40.152209542002
26462,25.8908528369832
26463,21.7192733903256
26464,20.1835035494974
26465,10.3273586096671
26466,14.7260273794482
26467,6.98599039742018
26468,6.1944879256047
26469,6.30922790864739
26470,10.0262182310994
26471,10.2390685374821
26472,28.1807834513893
26473,43.5272824807322
26474,14.8860309141439
26475,12.3479567020722
26476,11.3316071699099
26477,9.97839027502165
26478,9.83867494236499
26479,8.25577891162139
26480,25.2201043167176
26481,15.4124761300228
26482,9.58431023381071
26483,7.61884995742333
26484,6.29160034911094
26485,6.05894376834789
26486,5.8604709587276
26487,5.75719041473762
26488,24.0350730478665
26489,14.0808421758205
26490,8.18292367356611
26491,6.20423437449385
26492,5.03515806242805
26493,4.69198151300736
26494,4.50938557795379
26495,18.2580970674978
26496,24.2901791805059
26497,13.9324834498643
26498,7.6722627363381
26499,5.61975605490777
26500,4.3507575859068
26501,4.02131456127751
26502,3.90394869362584
26503,3.83163546092023
26504,13.0559096872371
26505,30.148050290052
26506,7.00389268010685
26507,2.72748362212379
26508,28.6586651022608
26509,6.90811946973104
26510,2.91088217658464
26511,9.75828174654551
26512,23.6677719159234
26513,13.4730713844553
26514,7.35431232085649
26515,5.33720752530982
26516,4.07969190527036
26517,3.77259940659973
26518,3.64246097809706
26519,3.58003058385868
26520,23.6677719159234
26521,13.4730713844553
26522,7.35431232085649
26523,5.33720752530982
26524,4.07969190527036
26525,3.77259940659973
26526,3.64246097809706
26527,3.58003058385868
26528,23.6677719159234
26529,13.4730713844553
26530,7.35431232085649
26531,5.33720752530982
26532,4.07969190527036
26533,3.77259940659973
26534,3.64246097809706
26535,3.58003058385868
26536,23.6677719159234
26537,13.4730713844553
26538,7.35431232085649
26539,5.33720752530982
26540,4.07969190527036
26541,3.77259940659973
26542,3.64246097809706
26543,3.58003058385868
26544,21.3556390072997
26545,11.7498768159808
26546,5.98280351570609
26547,4.08758001198021
26548,2.83751551326965
26549,2.52440856162536
26550,2.43186988074374
26551,2.38406811526705
26552,22.6260297941708
26553,12.7474339428441
26554,6.72379638454855
26555,4.74990282488053
26556,3.51020060132022
26557,3.22218849512528
26558,3.12011612612803
26559,3.04623188666699
26560,22.6260297941708
26561,12.7474339428441
26562,6.72379638454855
26563,4.74990282488053
26564,3.51020060132022
26565,3.22218849512528
26566,3.12011612612803
26567,3.04623188666699
26568,22.6260297941708
26569,12.7474339428441
26570,6.72379638454855
26571,4.74990282488053
26572,3.51020060132022
26573,3.22218849512528
26574,3.12011612612803
26575,3.04623188666699
26576,22.6260297941708
26577,12.7474339428441
26578,6.72379638454855
26579,4.74990282488053
26580,3.51020060132022
26581,3.22218849512528
26582,3.12011612612803
26583,3.04623188666699
26584,9.03428507352895
26585,22.1747283873959
26586,12.4249677571169
26587,6.57748985949333
26588,4.63815341250557
26589,3.42937039123848
26590,3.12903934548496
26591,3.02141548049434
26592,2.97478154136729
26593,9.03428507352895
26594,9.03428507352895
26595,24.2901791805059
26596,13.9324834498643
26597,7.6722627363381
26598,5.61975605490777
26599,4.3507575859068
26600,4.02131456127751
26601,3.90394869362584
26602,3.83163546092023
26603,78.4889471112174
26604,23.6677719159234
26605,13.4730713844553
26606,7.35431232085649
26607,5.33720752530982
26608,4.07969190527036
26609,3.77259940659973
26610,3.64246097809706
26611,3.58003058385868
26612,23.6677719159234
26613,13.4730713844553
26614,7.35431232085649
26615,5.33720752530982
26616,4.07969190527036
26617,3.77259940659973
26618,3.64246097809706
26619,3.58003058385868
26620,23.6677719159234
26621,13.4730713844553
26622,7.35431232085649
26623,5.33720752530982
26624,4.07969190527036
26625,3.77259940659973
26626,3.64246097809706
26627,3.58003058385868
26628,23.8482426896362
26629,13.7313350436597
26630,7.55773398534525
26631,5.47934683077432
26632,4.18778816245127
26633,3.95128486365538
26634,3.79182403621529
26635,3.68452754495009
26636,21.4514031433631
26637,11.83035881375
26638,6.07283221320268
26639,4.15939747616126
26640,2.95761117828888
26641,2.65007311169848
26642,2.51890156991467
26643,2.46035756420342
26644,48.6630557921669
26645,17.4932365430356
26646,15.0109497734619
26647,14.1460595183452
26648,12.2267109727102
26649,21.5402179428446
26650,11.9545178239482
26651,6.18274308853252
26652,4.28278940695766
26653,3.08655054349142
26654,2.77778804475034
26655,2.67345061970601
26656,2.62007477606389
26657,21.5811054214194
26658,11.9967729811674
26659,6.22847349048808
26660,4.30188163378876
26661,3.07602197508895
26662,2.77246088880403
26663,2.68412859353427
26664,2.62487021730008
26665,24.5222585291227
26666,13.9833305273991
26667,7.59977034450347
26668,5.50234241257195
26669,4.19515569473415
26670,3.86186715489693
26671,3.73945024181551
26672,3.65786273756978
26673,24.5222585291227
26674,13.9833305273991
26675,7.59977034450347
26676,5.50234241257195
26677,4.19515569473415
26678,3.86186715489693
26679,3.73945024181551
26680,3.65786273756978
26681,26.7625920371518
26682,16.3280093389551
26683,9.90101577682484
26684,7.82957552535974
26685,6.56163338935624
26686,6.23742822821277
26687,6.09933455967468
26688,6.01375526676025
26689,26.7625920371518
26690,16.3280093389551
26691,9.90101577682484
26692,7.82957552535974
26693,6.56163338935624
26694,6.23742822821277
26695,6.09933455967468
26696,6.01375526676025
26697,26.7625920371518
26698,16.3280093389551
26699,9.90101577682484
26700,7.82957552535974
26701,6.56163338935624
26702,6.23742822821277
26703,6.09933455967468
26704,6.01375526676025
26705,26.7625920371518
26706,16.3280093389551
26707,9.90101577682484
26708,7.82957552535974
26709,6.56163338935624
26710,6.23742822821277
26711,6.09933455967468
26712,6.01375526676025
26713,26.7625920371518
26714,16.3280093389551
26715,9.90101577682484
26716,7.82957552535974
26717,6.56163338935624
26718,6.23742822821277
26719,6.09933455967468
26720,6.01375526676025
26721,23.6677719159234
26722,13.4730713844553
26723,7.35431232085649
26724,5.33720752530982
26725,4.07969190527036
26726,3.77259940659973
26727,3.64246097809706
26728,3.58003058385868
26729,65.4513519725108
26730,42.7591758642624
26731,23.6063681331827
26732,13.8070249061208
26733,14.5432296160189
26734,5.78158956336664
26735,5.69736663474017
26736,140.551190008098
26737,56.0234225682992
26738,32.5497198797728
26739,23.4207877991961
26740,18.2949752524807
26741,33.2869587669702
26742,19.5341099473272
26743,14.3497025853887
26744,10.1516685862874
26745,7.83677405224658
26746,7.85866618903711
26747,22.1747283873959
26748,12.4249677571169
26749,6.57748985949333
26750,4.63815341250557
26751,3.42937039123848
26752,3.12903934548496
26753,3.02141548049434
26754,2.97478154136729
26755,26.7625920371518
26756,16.3280093389551
26757,9.90101577682484
26758,7.82957552535974
26759,6.56163338935624
26760,6.23742822821277
26761,6.09933455967468
26762,6.01375526676025
26763,22.1747283873959
26764,12.4249677571169
26765,6.57748985949333
26766,4.63815341250557
26767,3.42937039123848
26768,3.12903934548496
26769,3.02141548049434
26770,2.97478154136729
26771,26.7625920371518
26772,16.3280093389551
26773,9.90101577682484
26774,7.82957552535974
26775,6.56163338935624
26776,6.23742822821277
26777,6.09933455967468
26778,6.01375526676025
26779,26.7625920371518
26780,16.3280093389551
26781,9.90101577682484
26782,7.82957552535974
26783,6.56163338935624
26784,6.23742822821277
26785,6.09933455967468
26786,6.01375526676025
26787,26.7625920371518
26788,16.3280093389551
26789,9.90101577682484
26790,7.82957552535974
26791,6.56163338935624
26792,6.23742822821277
26793,6.09933455967468
26794,6.01375526676025
26795,23.8482426896362
26796,13.7313350436597
26797,7.55773398534525
26798,5.47934683077432
26799,4.18778816245127
26800,3.95128486365538
26801,3.79182403621529
26802,3.68452754495009
26803,23.6677719159234
26804,13.4730713844553
26805,7.35431232085649
26806,5.33720752530982
26807,4.07969190527036
26808,3.77259940659973
26809,3.64246097809706
26810,3.58003058385868
26811,29.2756970846405
26812,26.7625920371518
26813,16.3280093389551
26814,9.90101577682484
26815,7.82957552535974
26816,6.56163338935624
26817,6.23742822821277
26818,6.09933455967468
26819,6.01375526676025
26820,23.8482426896362
26821,13.7313350436597
26822,7.55773398534525
26823,5.47934683077432
26824,4.18778816245127
26825,3.95128486365538
26826,3.79182403621529
26827,3.68452754495009
26828,21.1701098635485
26829,11.6247263107491
26830,5.84383444123479
26831,3.88402311719144
26832,2.60454778583514
26833,2.32090883266896
26834,2.22538506334598
26835,2.1837670490029
26836,26.7625920371518
26837,16.3280093389551
26838,9.90101577682484
26839,7.82957552535974
26840,6.56163338935624
26841,6.23742822821277
26842,6.09933455967468
26843,6.01375526676025
26844,26.7625920371518
26845,16.3280093389551
26846,9.90101577682484
26847,7.82957552535974
26848,6.56163338935624
26849,6.23742822821277
26850,6.09933455967468
26851,6.01375526676025
26852,10.800228688704
26853,26.7625920371518
26854,16.3280093389551
26855,9.90101577682484
26856,7.82957552535974
26857,6.56163338935624
26858,6.23742822821277
26859,6.09933455967468
26860,6.01375526676025
26861,26.7625920371518
26862,16.3280093389551
26863,9.90101577682484
26864,7.82957552535974
26865,6.56163338935624
26866,6.23742822821277
26867,6.09933455967468
26868,6.01375526676025
26869,16.2825945244309
26870,16.2502005533383
26871,9.208714769086
26872,8.86625421537147
26873,8.49025279341603
26874,13.3189279590444
26875,13.8512647263659
26876,8.21223069476058
26877,7.84279494370988
26878,22.1530451254585
26879,23.8771285706208
26880,6.93558255927793
26881,6.51247551329637
26882,18.4671394179879
26883,11.8842003540899
26884,11.8572335030301
26885,5.96810881984261
26886,6.51839133272037
26887,22.6260297941708
26888,12.7474339428441
26889,6.72379638454855
26890,4.74990282488053
26891,3.51020060132022
26892,3.22218849512528
26893,3.12011612612803
26894,3.04623188666699
26895,22.6260297941708
26896,12.7474339428441
26897,6.72379638454855
26898,4.74990282488053
26899,3.51020060132022
26900,3.22218849512528
26901,3.12011612612803
26902,3.04623188666699
26903,22.6260297941708
26904,12.7474339428441
26905,6.72379638454855
26906,4.74990282488053
26907,3.51020060132022
26908,3.22218849512528
26909,3.12011612612803
26910,3.04623188666699
26911,23.6677719159234
26912,13.4730713844553
26913,7.35431232085649
26914,5.33720752530982
26915,4.07969190527036
26916,3.77259940659973
26917,3.64246097809706
26918,3.58003058385868
26919,22.6260297941708
26920,12.7474339428441
26921,6.72379638454855
26922,4.74990282488053
26923,3.51020060132022
26924,3.22218849512528
26925,3.12011612612803
26926,3.04623188666699
26927,22.6260297941708
26928,12.7474339428441
26929,6.72379638454855
26930,4.74990282488053
26931,3.51020060132022
26932,3.22218849512528
26933,3.12011612612803
26934,3.04623188666699
26935,24.2901791805059
26936,13.9324834498643
26937,7.6722627363381
26938,5.61975605490777
26939,4.3507575859068
26940,4.02131456127751
26941,3.90394869362584
26942,3.83163546092023
26943,22.6260297941708
26944,12.7474339428441
26945,6.72379638454855
26946,4.74990282488053
26947,3.51020060132022
26948,3.22218849512528
26949,3.12011612612803
26950,3.04623188666699
26951,23.6677719159234
26952,13.4730713844553
26953,7.35431232085649
26954,5.33720752530982
26955,4.07969190527036
26956,3.77259940659973
26957,3.64246097809706
26958,3.58003058385868
26959,21.5402179428446
26960,11.9545178239482
26961,6.18274308853252
26962,4.28278940695766
26963,3.08655054349142
26964,2.77778804475034
26965,2.67345061970601
26966,2.62007477606389
26967,21.5402179428446
26968,11.9545178239482
26969,6.18274308853252
26970,4.28278940695766
26971,3.08655054349142
26972,2.77778804475034
26973,2.67345061970601
26974,2.62007477606389
26975,24.2901791805059
26976,13.9324834498643
26977,7.6722627363381
26978,5.61975605490777
26979,4.3507575859068
26980,4.02131456127751
26981,3.90394869362584
26982,3.83163546092023
26983,22.6260297941708
26984,12.7474339428441
26985,6.72379638454855
26986,4.74990282488053
26987,3.51020060132022
26988,3.22218849512528
26989,3.12011612612803
26990,3.04623188666699
26991,7.70874037551942
26992,7.91404134560583
26993,5.50454180414675
26994,4.36985877513664
26995,15.4113048679067
26996,25.2201043167176
26997,15.4124761300228
26998,9.58431023381071
26999,7.61884995742333
27000,6.29160034911094
27001,6.05894376834789
27002,5.8604709587276
27003,5.75719041473762
27004,9.8769783843359
27005,9.8769783843359
27006,4.12149150024518
27007,4.12149150024518
27008,4.12149150024518
27009,7.75962378377444
27010,7.75962378377444
27011,7.75962378377444
27012,7.75962378377444
27013,7.75962378377444
27014,9.8769783843359
27015,7.75962378377444
27016,7.75962378377444
27017,7.75962378377444
27018,7.75962378377444
27019,7.75962378377444
27020,4.60438078124587
27021,4.48590499980482
27022,4.32791356667415
27023,3.23041753673653
27024,3.3941939588449
27025,26.7625920371518
27026,16.3280093389551
27027,9.90101577682484
27028,7.82957552535974
27029,6.56163338935624
27030,6.23742822821277
27031,6.09933455967468
27032,6.01375526676025
27033,56.7677977869988
27034,20.8478446387201
27035,11.829967550749
27036,6.40383859273252
27037,5.26951791959875
27038,5.79386987890046
27039,1.64084581893528
27040,13.2926708773793
27041,8.45771686562191
27042,8.16098582130226
27043,8.32594662209014
27044,11.7602189070767
27045,7.42506879529347
27046,6.52865241305017
27047,5.6655111561363
27048,7.4961057995863
27049,4.82548482678238
27050,4.24050238463224
27051,3.96598111432329
27052,5.4260757524092
27053,28.2053028765633
27054,23.6677719159234
27055,13.4730713844553
27056,7.35431232085649
27057,5.33720752530982
27058,4.07969190527036
27059,3.77259940659973
27060,3.64246097809706
27061,3.58003058385868
27062,22.0929632991849
27063,23.2988519982172
27064,20.2076939228124
27065,15.5324469161263
27066,24.0350730478665
27067,14.0808421758205
27068,8.18292367356611
27069,6.20423437449385
27070,5.03515806242805
27071,4.69198151300736
27072,4.50938557795379
27073,22.6260297941708
27074,12.7474339428441
27075,6.72379638454855
27076,4.74990282488053
27077,3.51020060132022
27078,3.22218849512528
27079,3.12011612612803
27080,3.04623188666699
27081,22.6260297941708
27082,12.7474339428441
27083,6.72379638454855
27084,4.74990282488053
27085,3.51020060132022
27086,3.22218849512528
27087,3.12011612612803
27088,3.04623188666699
27089,21.0224351468914
27090,14.0946053556491
27091,13.3293749733386
27092,7.01017885990161
27093,21.5402179428446
27094,11.9545178239482
27095,6.18274308853252
27096,4.28278940695766
27097,3.08655054349142
27098,2.77778804475034
27099,2.67345061970601
27100,2.62007477606389
27101,22.6260297941708
27102,12.7474339428441
27103,6.72379638454855
27104,4.74990282488053
27105,3.51020060132022
27106,3.22218849512528
27107,3.12011612612803
27108,3.04623188666699
27109,14.3798525023122
27110,11.075365317474
27111,10.4745757426177
27112,22.6260297941708
27113,12.7474339428441
27114,6.72379638454855
27115,4.74990282488053
27116,3.51020060132022
27117,3.22218849512528
27118,3.12011612612803
27119,3.04623188666699
27120,22.6260297941708
27121,12.7474339428441
27122,6.72379638454855
27123,4.74990282488053
27124,3.51020060132022
27125,3.22218849512528
27126,3.12011612612803
27127,3.04623188666699
27128,29.7009238249036
27129,19.9310864978192
27130,10.9051424788373
27131,21.4514031433631
27132,11.83035881375
27133,6.07283221320268
27134,4.15939747616126
27135,2.95761117828888
27136,2.65007311169848
27137,2.51890156991467
27138,2.46035756420342
27139,21.5402179428446
27140,11.9545178239482
27141,6.18274308853252
27142,4.28278940695766
27143,3.08655054349142
27144,2.77778804475034
27145,2.67345061970601
27146,2.62007477606389
27147,22.6260297941708
27148,12.7474339428441
27149,6.72379638454855
27150,4.74990282488053
27151,3.51020060132022
27152,3.22218849512528
27153,3.12011612612803
27154,3.04623188666699
27155,22.6260297941708
27156,12.7474339428441
27157,6.72379638454855
27158,4.74990282488053
27159,3.51020060132022
27160,3.22218849512528
27161,3.12011612612803
27162,3.04623188666699
27163,21.5859464247057
27164,21.5402179428446
27165,11.9545178239482
27166,6.18274308853252
27167,4.28278940695766
27168,3.08655054349142
27169,2.77778804475034
27170,2.67345061970601
27171,2.62007477606389
27172,30.9672709042085
27173,7.06643698226049
27174,2.68273816448781
27175,21.5402179428446
27176,11.9545178239482
27177,6.18274308853252
27178,4.28278940695766
27179,3.08655054349142
27180,2.77778804475034
27181,2.67345061970601
27182,2.62007477606389
27183,21.4514031433631
27184,11.83035881375
27185,6.07283221320268
27186,4.15939747616126
27187,2.95761117828888
27188,2.65007311169848
27189,2.51890156991467
27190,2.46035756420342
27191,26.7234193895214
27192,16.143691754968
27193,9.61206666134122
27194,7.48045554542989
27195,6.18022618959295
27196,5.86755653509906
27197,5.69399062994721
27198,5.63664837393211
27199,26.7234193895214
27200,16.143691754968
27201,9.61206666134122
27202,7.48045554542989
27203,6.18022618959295
27204,5.86755653509906
27205,5.69399062994721
27206,5.63664837393211
27207,21.4514031433631
27208,11.83035881375
27209,6.07283221320268
27210,4.15939747616126
27211,2.95761117828888
27212,2.65007311169848
27213,2.51890156991467
27214,2.46035756420342
27215,21.5402179428446
27216,11.9545178239482
27217,6.18274308853252
27218,4.28278940695766
27219,3.08655054349142
27220,2.77778804475034
27221,2.67345061970601
27222,2.62007477606389
27223,21.3997683842419
27224,11.8085618428963
27225,6.03272181528933
27226,4.12991684802924
27227,2.9379857272029
27228,2.61018401235611
27229,2.48847603026307
27230,2.44162692340168
27231,31.8120440292296
27232,153.282393241133
27233,76.7089620985522
27234,40.6063641764766
27235,33.3241739580902
27236,28.2636901527209
27237,22.6260297941708
27238,12.7474339428441
27239,6.72379638454855
27240,4.74990282488053
27241,3.51020060132022
27242,3.22218849512528
27243,3.12011612612803
27244,3.04623188666699
27245,22.6260297941708
27246,12.7474339428441
27247,6.72379638454855
27248,4.74990282488053
27249,3.51020060132022
27250,3.22218849512528
27251,3.12011612612803
27252,3.04623188666699
27253,24.5222585291227
27254,13.9833305273991
27255,7.59977034450347
27256,5.50234241257195
27257,4.19515569473415
27258,3.86186715489693
27259,3.73945024181551
27260,3.65786273756978
27261,115.997408898936
27262,50.4554900905137
27263,36.4100704453547
27264,10.1702925441419
27265,5.46692235871274
27266,4.62529849259744
27267,21.5402179428446
27268,11.9545178239482
27269,6.18274308853252
27270,4.28278940695766
27271,3.08655054349142
27272,2.77778804475034
27273,2.67345061970601
27274,2.62007477606389
27275,22.6260297941708
27276,12.7474339428441
27277,6.72379638454855
27278,4.74990282488053
27279,3.51020060132022
27280,3.22218849512528
27281,3.12011612612803
27282,3.04623188666699
27283,22.6260297941708
27284,12.7474339428441
27285,6.72379638454855
27286,4.74990282488053
27287,3.51020060132022
27288,3.22218849512528
27289,3.12011612612803
27290,3.04623188666699
27291,23.6677719159234
27292,13.4730713844553
27293,7.35431232085649
27294,5.33720752530982
27295,4.07969190527036
27296,3.77259940659973
27297,3.64246097809706
27298,3.58003058385868
27299,26.7625920371518
27300,16.3280093389551
27301,9.90101577682484
27302,7.82957552535974
27303,6.56163338935624
27304,6.23742822821277
27305,6.09933455967468
27306,6.01375526676025
27307,26.7625920371518
27308,16.3280093389551
27309,9.90101577682484
27310,7.82957552535974
27311,6.56163338935624
27312,6.23742822821277
27313,6.09933455967468
27314,6.01375526676025
27315,21.5811054214194
27316,11.9967729811674
27317,6.22847349048808
27318,4.30188163378876
27319,3.07602197508895
27320,2.77246088880403
27321,2.68412859353427
27322,2.62487021730008
27323,21.5402179428446
27324,11.9545178239482
27325,6.18274308853252
27326,4.28278940695766
27327,3.08655054349142
27328,2.77778804475034
27329,2.67345061970601
27330,2.62007477606389
27331,21.4514031433631
27332,11.83035881375
27333,6.07283221320268
27334,4.15939747616126
27335,2.95761117828888
27336,2.65007311169848
27337,2.51890156991467
27338,2.46035756420342
27339,23.6677719159234
27340,13.4730713844553
27341,7.35431232085649
27342,5.33720752530982
27343,4.07969190527036
27344,3.77259940659973
27345,3.64246097809706
27346,3.58003058385868
27347,22.1747283873959
27348,12.4249677571169
27349,6.57748985949333
27350,4.63815341250557
27351,3.42937039123848
27352,3.12903934548496
27353,3.02141548049434
27354,2.97478154136729
27355,24.5222585291227
27356,13.9833305273991
27357,7.59977034450347
27358,5.50234241257195
27359,4.19515569473415
27360,3.86186715489693
27361,3.73945024181551
27362,3.65786273756978
27363,142.656354297959
27364,56.9406283516436
27365,33.81296656124
27366,23.3558987755319
27367,18.1430318914937
27368,22.6260297941708
27369,12.7474339428441
27370,6.72379638454855
27371,4.74990282488053
27372,3.51020060132022
27373,3.22218849512528
27374,3.12011612612803
27375,3.04623188666699
27376,124.456198783977
27377,77.4710939597
27378,51.7174770142306
27379,41.7844926170183
27380,36.9926339235828
27381,22.6260297941708
27382,12.7474339428441
27383,6.72379638454855
27384,4.74990282488053
27385,3.51020060132022
27386,3.22218849512528
27387,3.12011612612803
27388,3.04623188666699
27389,206.284627000068
27390,88.9629753915675
27391,60.8356837171879
27392,53.9347588326943
27393,45.3251295875481
27394,22.6260297941708
27395,12.7474339428441
27396,6.72379638454855
27397,4.74990282488053
27398,3.51020060132022
27399,3.22218849512528
27400,3.12011612612803
27401,3.04623188666699
27402,21.3556390072997
27403,11.7498768159808
27404,5.98280351570609
27405,4.08758001198021
27406,2.83751551326965
27407,2.52440856162536
27408,2.43186988074374
27409,2.38406811526705
27410,21.3556390072997
27411,11.7498768159808
27412,5.98280351570609
27413,4.08758001198021
27414,2.83751551326965
27415,2.52440856162536
27416,2.43186988074374
27417,2.38406811526705
27418,76.2126150775049
27419,40.1377560751285
27420,26.2388328637056
27421,16.5411720128773
27422,11.5750618412036
27423,10.4267274363526
27424,10.1883238377786
27425,9.08150962272813
27426,26.7625920371518
27427,16.3280093389551
27428,9.90101577682484
27429,7.82957552535974
27430,6.56163338935624
27431,6.23742822821277
27432,6.09933455967468
27433,6.01375526676025
27434,24.2136249982959
27435,13.8929830159353
27436,7.56995301039496
27437,5.51414273251744
27438,4.23604294634684
27439,3.95826472829493
27440,3.84763618574195
27441,3.78438709205258
27442,23.6677719159234
27443,13.4730713844553
27444,7.35431232085649
27445,5.33720752530982
27446,4.07969190527036
27447,3.77259940659973
27448,3.64246097809706
27449,3.58003058385868
27450,22.6260297941708
27451,12.7474339428441
27452,6.72379638454855
27453,4.74990282488053
27454,3.51020060132022
27455,3.22218849512528
27456,3.12011612612803
27457,3.04623188666699
27458,24.2136249982959
27459,13.8929830159353
27460,7.56995301039496
27461,5.51414273251744
27462,4.23604294634684
27463,3.95826472829493
27464,3.84763618574195
27465,3.78438709205258
27466,22.1747283873959
27467,12.4249677571169
27468,6.57748985949333
27469,4.63815341250557
27470,3.42937039123848
27471,3.12903934548496
27472,3.02141548049434
27473,2.97478154136729
27474,39.411052007812
27475,18.231940912775
27476,11.1502050245046
27477,10.8757319207141
27478,22.6260297941708
27479,12.7474339428441
27480,6.72379638454855
27481,4.74990282488053
27482,3.51020060132022
27483,3.22218849512528
27484,3.12011612612803
27485,3.04623188666699
27486,23.6677719159234
27487,13.4730713844553
27488,7.35431232085649
27489,5.33720752530982
27490,4.07969190527036
27491,3.77259940659973
27492,3.64246097809706
27493,3.58003058385868
27494,23.6677719159234
27495,13.4730713844553
27496,7.35431232085649
27497,5.33720752530982
27498,4.07969190527036
27499,3.77259940659973
27500,3.64246097809706
27501,3.58003058385868
27502,26.7625920371518
27503,16.3280093389551
27504,9.90101577682484
27505,7.82957552535974
27506,6.56163338935624
27507,6.23742822821277
27508,6.09933455967468
27509,6.01375526676025
27510,26.7625920371518
27511,16.3280093389551
27512,9.90101577682484
27513,7.82957552535974
27514,6.56163338935624
27515,6.23742822821277
27516,6.09933455967468
27517,6.01375526676025
27518,26.7625920371518
27519,16.3280093389551
27520,9.90101577682484
27521,7.82957552535974
27522,6.56163338935624
27523,6.23742822821277
27524,6.09933455967468
27525,6.01375526676025
27526,26.7625920371518
27527,16.3280093389551
27528,9.90101577682484
27529,7.82957552535974
27530,6.56163338935624
27531,6.23742822821277
27532,6.09933455967468
27533,6.01375526676025
27534,26.7234193895214
27535,16.143691754968
27536,9.61206666134122
27537,7.48045554542989
27538,6.18022618959295
27539,5.86755653509906
27540,5.69399062994721
27541,5.63664837393211
27542,26.7625920371518
27543,16.3280093389551
27544,9.90101577682484
27545,7.82957552535974
27546,6.56163338935624
27547,6.23742822821277
27548,6.09933455967468
27549,6.01375526676025
27550,22.1747283873959
27551,12.4249677571169
27552,6.57748985949333
27553,4.63815341250557
27554,3.42937039123848
27555,3.12903934548496
27556,3.02141548049434
27557,2.97478154136729
27558,124.456198783977
27559,77.4710939597
27560,51.7174770142306
27561,41.7844926170183
27562,36.9926339235828
27563,22.1747283873959
27564,12.4249677571169
27565,6.57748985949333
27566,4.63815341250557
27567,3.42937039123848
27568,3.12903934548496
27569,3.02141548049434
27570,2.97478154136729
27571,26.7625920371518
27572,16.3280093389551
27573,9.90101577682484
27574,7.82957552535974
27575,6.56163338935624
27576,6.23742822821277
27577,6.09933455967468
27578,6.01375526676025
27579,21.5402179428446
27580,11.9545178239482
27581,6.18274308853252
27582,4.28278940695766
27583,3.08655054349142
27584,2.77778804475034
27585,2.67345061970601
27586,2.62007477606389
27587,23.6677719159234
27588,13.4730713844553
27589,7.35431232085649
27590,5.33720752530982
27591,4.07969190527036
27592,3.77259940659973
27593,3.64246097809706
27594,3.58003058385868
27595,23.6677719159234
27596,13.4730713844553
27597,7.35431232085649
27598,5.33720752530982
27599,4.07969190527036
27600,3.77259940659973
27601,3.64246097809706
27602,3.58003058385868
27603,21.3997683842419
27604,11.8085618428963
27605,6.03272181528933
27606,4.12991684802924
27607,2.9379857272029
27608,2.61018401235611
27609,2.48847603026307
27610,2.44162692340168
27611,21.3997683842419
27612,11.8085618428963
27613,6.03272181528933
27614,4.12991684802924
27615,2.9379857272029
27616,2.61018401235611
27617,2.48847603026307
27618,2.44162692340168
27619,26.7234193895214
27620,16.143691754968
27621,9.61206666134122
27622,7.48045554542989
27623,6.18022618959295
27624,5.86755653509906
27625,5.69399062994721
27626,5.63664837393211
27627,26.7234193895214
27628,16.143691754968
27629,9.61206666134122
27630,7.48045554542989
27631,6.18022618959295
27632,5.86755653509906
27633,5.69399062994721
27634,5.63664837393211
27635,26.7234193895214
27636,16.143691754968
27637,9.61206666134122
27638,7.48045554542989
27639,6.18022618959295
27640,5.86755653509906
27641,5.69399062994721
27642,5.63664837393211
27643,26.7234193895214
27644,16.143691754968
27645,9.61206666134122
27646,7.48045554542989
27647,6.18022618959295
27648,5.86755653509906
27649,5.69399062994721
27650,5.63664837393211
27651,26.7234193895214
27652,16.143691754968
27653,9.61206666134122
27654,7.48045554542989
27655,6.18022618959295
27656,5.86755653509906
27657,5.69399062994721
27658,5.63664837393211
27659,26.7625920371518
27660,16.3280093389551
27661,9.90101577682484
27662,7.82957552535974
27663,6.56163338935624
27664,6.23742822821277
27665,6.09933455967468
27666,6.01375526676025
27667,61.945472445406
27668,52.567145918291
27669,40.2494854639984
27670,23.2027592616291
27671,21.8246955162636
27672,16.6850124296216
27673,26.7625920371518
27674,16.3280093389551
27675,9.90101577682484
27676,7.82957552535974
27677,6.56163338935624
27678,6.23742822821277
27679,6.09933455967468
27680,6.01375526676025
27681,26.7625920371518
27682,16.3280093389551
27683,9.90101577682484
27684,7.82957552535974
27685,6.56163338935624
27686,6.23742822821277
27687,6.09933455967468
27688,6.01375526676025
27689,26.7625920371518
27690,16.3280093389551
27691,9.90101577682484
27692,7.82957552535974
27693,6.56163338935624
27694,6.23742822821277
27695,6.09933455967468
27696,6.01375526676025
27697,26.7625920371518
27698,16.3280093389551
27699,9.90101577682484
27700,7.82957552535974
27701,6.56163338935624
27702,6.23742822821277
27703,6.09933455967468
27704,6.01375526676025
27705,33.3129226993214
27706,22.6260297941708
27707,12.7474339428441
27708,6.72379638454855
27709,4.74990282488053
27710,3.51020060132022
27711,3.22218849512528
27712,3.12011612612803
27713,3.04623188666699
27714,26.7234193895214
27715,16.143691754968
27716,9.61206666134122
27717,7.48045554542989
27718,6.18022618959295
27719,5.86755653509906
27720,5.69399062994721
27721,5.63664837393211
27722,26.7625920371518
27723,16.3280093389551
27724,9.90101577682484
27725,7.82957552535974
27726,6.56163338935624
27727,6.23742822821277
27728,6.09933455967468
27729,6.01375526676025
27730,26.7625920371518
27731,16.3280093389551
27732,9.90101577682484
27733,7.82957552535974
27734,6.56163338935624
27735,6.23742822821277
27736,6.09933455967468
27737,6.01375526676025
27738,26.7625920371518
27739,16.3280093389551
27740,9.90101577682484
27741,7.82957552535974
27742,6.56163338935624
27743,6.23742822821277
27744,6.09933455967468
27745,6.01375526676025
27746,22.1747283873959
27747,12.4249677571169
27748,6.57748985949333
27749,4.63815341250557
27750,3.42937039123848
27751,3.12903934548496
27752,3.02141548049434
27753,2.97478154136729
27754,26.7234193895214
27755,16.143691754968
27756,9.61206666134122
27757,7.48045554542989
27758,6.18022618959295
27759,5.86755653509906
27760,5.69399062994721
27761,5.63664837393211
27762,26.7234193895214
27763,16.143691754968
27764,9.61206666134122
27765,7.48045554542989
27766,6.18022618959295
27767,5.86755653509906
27768,5.69399062994721
27769,5.63664837393211
27770,25.2201043167176
27771,15.4124761300228
27772,9.58431023381071
27773,7.61884995742333
27774,6.29160034911094
27775,6.05894376834789
27776,5.8604709587276
27777,5.75719041473762
27778,25.3741534010705
27779,24.2901791805059
27780,13.9324834498643
27781,7.6722627363381
27782,5.61975605490777
27783,4.3507575859068
27784,4.02131456127751
27785,3.90394869362584
27786,3.83163546092023
27787,24.2901791805059
27788,13.9324834498643
27789,7.6722627363381
27790,5.61975605490777
27791,4.3507575859068
27792,4.02131456127751
27793,3.90394869362584
27794,3.83163546092023
27795,24.2901791805059
27796,13.9324834498643
27797,7.6722627363381
27798,5.61975605490777
27799,4.3507575859068
27800,4.02131456127751
27801,3.90394869362584
27802,3.83163546092023
27803,49.1782658447336
27804,33.7407422510608
27805,16.247591293268
27806,11.2822108190457
27807,7.33190162457866
27808,5.03201461744038
27809,4.49469575266885
27810,4.33738696301727
27811,24.2901791805059
27812,13.9324834498643
27813,7.6722627363381
27814,5.61975605490777
27815,4.3507575859068
27816,4.02131456127751
27817,3.90394869362584
27818,3.83163546092023
27819,26.7234193895214
27820,16.143691754968
27821,9.61206666134122
27822,7.48045554542989
27823,6.18022618959295
27824,5.86755653509906
27825,5.69399062994721
27826,5.63664837393211
27827,23.6677719159234
27828,13.4730713844553
27829,7.35431232085649
27830,5.33720752530982
27831,4.07969190527036
27832,3.77259940659973
27833,3.64246097809706
27834,3.58003058385868
27835,23.6677719159234
27836,13.4730713844553
27837,7.35431232085649
27838,5.33720752530982
27839,4.07969190527036
27840,3.77259940659973
27841,3.64246097809706
27842,3.58003058385868
27843,26.7625920371518
27844,16.3280093389551
27845,9.90101577682484
27846,7.82957552535974
27847,6.56163338935624
27848,6.23742822821277
27849,6.09933455967468
27850,6.01375526676025
27851,20.6574115219069
27852,44.9488480035902
27853,31.1658224023505
27854,16.2280703016561
27855,13.7109248113554
27856,8.83834223141533
27857,6.18423267671667
27858,5.61266997519955
27859,5.64513491528442
27860,26.7625920371518
27861,16.3280093389551
27862,9.90101577682484
27863,7.82957552535974
27864,6.56163338935624
27865,6.23742822821277
27866,6.09933455967468
27867,6.01375526676025
27868,22.6260297941708
27869,12.7474339428441
27870,6.72379638454855
27871,4.74990282488053
27872,3.51020060132022
27873,3.22218849512528
27874,3.12011612612803
27875,3.04623188666699
27876,5.71385761942827
27877,5.51643496577052
27878,5.52219486089219
27879,4.7031634705224
27880,4.12533229045862
27881,10.7426052125765
27882,26.7234193895214
27883,16.143691754968
27884,9.61206666134122
27885,7.48045554542989
27886,6.18022618959295
27887,5.86755653509906
27888,5.69399062994721
27889,5.63664837393211
27890,26.7234193895214
27891,16.143691754968
27892,9.61206666134122
27893,7.48045554542989
27894,6.18022618959295
27895,5.86755653509906
27896,5.69399062994721
27897,5.63664837393211
27898,26.7625920371518
27899,16.3280093389551
27900,9.90101577682484
27901,7.82957552535974
27902,6.56163338935624
27903,6.23742822821277
27904,6.09933455967468
27905,6.01375526676025
27906,26.7625920371518
27907,16.3280093389551
27908,9.90101577682484
27909,7.82957552535974
27910,6.56163338935624
27911,6.23742822821277
27912,6.09933455967468
27913,6.01375526676025
27914,26.7625920371518
27915,16.3280093389551
27916,9.90101577682484
27917,7.82957552535974
27918,6.56163338935624
27919,6.23742822821277
27920,6.09933455967468
27921,6.01375526676025
27922,24.0350730478665
27923,14.0808421758205
27924,8.18292367356611
27925,6.20423437449385
27926,5.03515806242805
27927,4.69198151300736
27928,4.50938557795379
27929,24.0350730478665
27930,14.0808421758205
27931,8.18292367356611
27932,6.20423437449385
27933,5.03515806242805
27934,4.69198151300736
27935,4.50938557795379
27936,24.0350730478665
27937,14.0808421758205
27938,8.18292367356611
27939,6.20423437449385
27940,5.03515806242805
27941,4.69198151300736
27942,4.50938557795379
27943,21.3556390072997
27944,11.7498768159808
27945,5.98280351570609
27946,4.08758001198021
27947,2.83751551326965
27948,2.52440856162536
27949,2.43186988074374
27950,2.38406811526705
27951,22.6260297941708
27952,12.7474339428441
27953,6.72379638454855
27954,4.74990282488053
27955,3.51020060132022
27956,3.22218849512528
27957,3.12011612612803
27958,3.04623188666699
27959,22.6260297941708
27960,12.7474339428441
27961,6.72379638454855
27962,4.74990282488053
27963,3.51020060132022
27964,3.22218849512528
27965,3.12011612612803
27966,3.04623188666699
27967,24.0350730478665
27968,14.0808421758205
27969,8.18292367356611
27970,6.20423437449385
27971,5.03515806242805
27972,4.69198151300736
27973,4.50938557795379
27974,23.6677719159234
27975,13.4730713844553
27976,7.35431232085649
27977,5.33720752530982
27978,4.07969190527036
27979,3.77259940659973
27980,3.64246097809706
27981,3.58003058385868
27982,22.6260297941708
27983,12.7474339428441
27984,6.72379638454855
27985,4.74990282488053
27986,3.51020060132022
27987,3.22218849512528
27988,3.12011612612803
27989,3.04623188666699
27990,24.2901791805059
27991,13.9324834498643
27992,7.6722627363381
27993,5.61975605490777
27994,4.3507575859068
27995,4.02131456127751
27996,3.90394869362584
27997,3.83163546092023
27998,11.5199933601524
27999,5.05306032118196
28000,24.0350730478665
28001,14.0808421758205
28002,8.18292367356611
28003,6.20423437449385
28004,5.03515806242805
28005,4.69198151300736
28006,4.50938557795379
28007,21.3556390072997
28008,11.7498768159808
28009,5.98280351570609
28010,4.08758001198021
28011,2.83751551326965
28012,2.52440856162536
28013,2.43186988074374
28014,2.38406811526705
28015,3.25320151949733
28016,21.3556390072997
28017,11.7498768159808
28018,5.98280351570609
28019,4.08758001198021
28020,2.83751551326965
28021,2.52440856162536
28022,2.43186988074374
28023,2.38406811526705
28024,23.8482426896362
28025,13.7313350436597
28026,7.55773398534525
28027,5.47934683077432
28028,4.18778816245127
28029,3.95128486365538
28030,3.79182403621529
28031,3.68452754495009
28032,25.2201043167176
28033,15.4124761300228
28034,9.58431023381071
28035,7.61884995742333
28036,6.29160034911094
28037,6.05894376834789
28038,5.8604709587276
28039,5.75719041473762
28040,7.04007865278393
28041,3.22446626859376
28042,2.50329943593091
28043,2.19970951991464
28044,1.93017770335991
28045,128.956887375802
28046,71.619248686846
28047,28.3314651475564
28048,21.1756757820169
28049,18.2548291204878
28050,14.8928874739248
28051,14.0900675470368
28052,14.597920140565
28053,9.29717927548892
28054,23.6677719159234
28055,13.4730713844553
28056,7.35431232085649
28057,5.33720752530982
28058,4.07969190527036
28059,3.77259940659973
28060,3.64246097809706
28061,3.58003058385868
28062,26.7234193895214
28063,16.143691754968
28064,9.61206666134122
28065,7.48045554542989
28066,6.18022618959295
28067,5.86755653509906
28068,5.69399062994721
28069,5.63664837393211
28070,26.7234193895214
28071,16.143691754968
28072,9.61206666134122
28073,7.48045554542989
28074,6.18022618959295
28075,5.86755653509906
28076,5.69399062994721
28077,5.63664837393211
28078,26.7234193895214
28079,16.143691754968
28080,9.61206666134122
28081,7.48045554542989
28082,6.18022618959295
28083,5.86755653509906
28084,5.69399062994721
28085,5.63664837393211
28086,26.7234193895214
28087,16.143691754968
28088,9.61206666134122
28089,7.48045554542989
28090,6.18022618959295
28091,5.86755653509906
28092,5.69399062994721
28093,5.63664837393211
28094,103.294291744752
28095,22.6260297941708
28096,12.7474339428441
28097,6.72379638454855
28098,4.74990282488053
28099,3.51020060132022
28100,3.22218849512528
28101,3.12011612612803
28102,3.04623188666699
28103,194.647851114199
28104,78.3481411003989
28105,48.898452851478
28106,32.8516745769058
28107,28.5666790875244
28108,22.6260297941708
28109,12.7474339428441
28110,6.72379638454855
28111,4.74990282488053
28112,3.51020060132022
28113,3.22218849512528
28114,3.12011612612803
28115,3.04623188666699
28116,22.6260297941708
28117,12.7474339428441
28118,6.72379638454855
28119,4.74990282488053
28120,3.51020060132022
28121,3.22218849512528
28122,3.12011612612803
28123,3.04623188666699
28124,26.7625920371518
28125,16.3280093389551
28126,9.90101577682484
28127,7.82957552535974
28128,6.56163338935624
28129,6.23742822821277
28130,6.09933455967468
28131,6.01375526676025
28132,26.7625920371518
28133,16.3280093389551
28134,9.90101577682484
28135,7.82957552535974
28136,6.56163338935624
28137,6.23742822821277
28138,6.09933455967468
28139,6.01375526676025
28140,21.3556390072997
28141,11.7498768159808
28142,5.98280351570609
28143,4.08758001198021
28144,2.83751551326965
28145,2.52440856162536
28146,2.43186988074374
28147,2.38406811526705
28148,21.3556390072997
28149,11.7498768159808
28150,5.98280351570609
28151,4.08758001198021
28152,2.83751551326965
28153,2.52440856162536
28154,2.43186988074374
28155,2.38406811526705
28156,26.7234193895214
28157,16.143691754968
28158,9.61206666134122
28159,7.48045554542989
28160,6.18022618959295
28161,5.86755653509906
28162,5.69399062994721
28163,5.63664837393211
28164,26.7625920371518
28165,16.3280093389551
28166,9.90101577682484
28167,7.82957552535974
28168,6.56163338935624
28169,6.23742822821277
28170,6.09933455967468
28171,6.01375526676025
28172,26.7625920371518
28173,16.3280093389551
28174,9.90101577682484
28175,7.82957552535974
28176,6.56163338935624
28177,6.23742822821277
28178,6.09933455967468
28179,6.01375526676025
28180,21.3556390072997
28181,11.7498768159808
28182,5.98280351570609
28183,4.08758001198021
28184,2.83751551326965
28185,2.52440856162536
28186,2.43186988074374
28187,2.38406811526705
28188,4.03423935258306
28189,6.1413400718024
28190,7.35530668399054
28191,5.91466688599465
28192,5.79646684111077
28193,26.7234193895214
28194,16.143691754968
28195,9.61206666134122
28196,7.48045554542989
28197,6.18022618959295
28198,5.86755653509906
28199,5.69399062994721
28200,5.63664837393211
28201,5.34165496137129
28202,26.7625920371518
28203,16.3280093389551
28204,9.90101577682484
28205,7.82957552535974
28206,6.56163338935624
28207,6.23742822821277
28208,6.09933455967468
28209,6.01375526676025
28210,26.7625920371518
28211,16.3280093389551
28212,9.90101577682484
28213,7.82957552535974
28214,6.56163338935624
28215,6.23742822821277
28216,6.09933455967468
28217,6.01375526676025
28218,26.7625920371518
28219,16.3280093389551
28220,9.90101577682484
28221,7.82957552535974
28222,6.56163338935624
28223,6.23742822821277
28224,6.09933455967468
28225,6.01375526676025
28226,26.7625920371518
28227,16.3280093389551
28228,9.90101577682484
28229,7.82957552535974
28230,6.56163338935624
28231,6.23742822821277
28232,6.09933455967468
28233,6.01375526676025
28234,32.6252137785761
28235,25.8885392297265
28236,17.2258158520665
28237,11.3728970328963
28238,8.51334435848662
28239,7.60167126820818
28240,19.0426701239879
28241,10.6294946237089
28242,10.0526071988881
28243,5.80381902520103
28244,4.35172601518527
28245,19.4068265441615
28246,12.0520759724687
28247,11.2648233670704
28248,9.01543749161519
28249,7.95480902533519
28250,7.32291902424091
28251,24.2901791805059
28252,13.9324834498643
28253,7.6722627363381
28254,5.61975605490777
28255,4.3507575859068
28256,4.02131456127751
28257,3.90394869362584
28258,3.83163546092023
28259,139.196821643655
28260,78.4490288674878
28261,59.696909199028
28262,57.1964722302854
28263,23.8482426896362
28264,13.7313350436597
28265,7.55773398534525
28266,5.47934683077432
28267,4.18778816245127
28268,3.95128486365538
28269,3.79182403621529
28270,3.68452754495009
28271,23.6677719159234
28272,13.4730713844553
28273,7.35431232085649
28274,5.33720752530982
28275,4.07969190527036
28276,3.77259940659973
28277,3.64246097809706
28278,3.58003058385868
28279,26.7234193895214
28280,16.143691754968
28281,9.61206666134122
28282,7.48045554542989
28283,6.18022618959295
28284,5.86755653509906
28285,5.69399062994721
28286,5.63664837393211
28287,25.2201043167176
28288,15.4124761300228
28289,9.58431023381071
28290,7.61884995742333
28291,6.29160034911094
28292,6.05894376834789
28293,5.8604709587276
28294,5.75719041473762
28295,26.7625920371518
28296,16.3280093389551
28297,9.90101577682484
28298,7.82957552535974
28299,6.56163338935624
28300,6.23742822821277
28301,6.09933455967468
28302,6.01375526676025
28303,26.7625920371518
28304,16.3280093389551
28305,9.90101577682484
28306,7.82957552535974
28307,6.56163338935624
28308,6.23742822821277
28309,6.09933455967468
28310,6.01375526676025
28311,22.6260297941708
28312,12.7474339428441
28313,6.72379638454855
28314,4.74990282488053
28315,3.51020060132022
28316,3.22218849512528
28317,3.12011612612803
28318,3.04623188666699
28319,22.6260297941708
28320,12.7474339428441
28321,6.72379638454855
28322,4.74990282488053
28323,3.51020060132022
28324,3.22218849512528
28325,3.12011612612803
28326,3.04623188666699
28327,26.7625920371518
28328,16.3280093389551
28329,9.90101577682484
28330,7.82957552535974
28331,6.56163338935624
28332,6.23742822821277
28333,6.09933455967468
28334,6.01375526676025
28335,22.6260297941708
28336,12.7474339428441
28337,6.72379638454855
28338,4.74990282488053
28339,3.51020060132022
28340,3.22218849512528
28341,3.12011612612803
28342,3.04623188666699
28343,26.7625920371518
28344,16.3280093389551
28345,9.90101577682484
28346,7.82957552535974
28347,6.56163338935624
28348,6.23742822821277
28349,6.09933455967468
28350,6.01375526676025
28351,135.524951998883
28352,55.2369721711957
28353,34.2370492280493
28354,25.210471666556
28355,22.6809094208991
28356,115.997408898936
28357,50.4554900905137
28358,36.4100704453547
28359,10.1702925441419
28360,5.46692235871274
28361,4.62529849259744
28362,22.6260297941708
28363,12.7474339428441
28364,6.72379638454855
28365,4.74990282488053
28366,3.51020060132022
28367,3.22218849512528
28368,3.12011612612803
28369,3.04623188666699
28370,15.3679087757456
28371,9.67988614577866
28372,7.68800031188061
28373,6.37901066211182
28374,22.6260297941708
28375,12.7474339428441
28376,6.72379638454855
28377,4.74990282488053
28378,3.51020060132022
28379,3.22218849512528
28380,3.12011612612803
28381,3.04623188666699
28382,141.816394508327
28383,54.8208164687562
28384,34.8295551021821
28385,30.7109428591182
28386,27.3381297893757
28387,22.6260297941708
28388,12.7474339428441
28389,6.72379638454855
28390,4.74990282488053
28391,3.51020060132022
28392,3.22218849512528
28393,3.12011612612803
28394,3.04623188666699
28395,26.7625920371518
28396,16.3280093389551
28397,9.90101577682484
28398,7.82957552535974
28399,6.56163338935624
28400,6.23742822821277
28401,6.09933455967468
28402,6.01375526676025
28403,26.7625920371518
28404,16.3280093389551
28405,9.90101577682484
28406,7.82957552535974
28407,6.56163338935624
28408,6.23742822821277
28409,6.09933455967468
28410,6.01375526676025
28411,160.83244400994
28412,78.4724697825845
28413,49.7035037414919
28414,48.2590803525155
28415,42.8759275866834
28416,26.7234193895214
28417,16.143691754968
28418,9.61206666134122
28419,7.48045554542989
28420,6.18022618959295
28421,5.86755653509906
28422,5.69399062994721
28423,5.63664837393211
28424,26.7625920371518
28425,16.3280093389551
28426,9.90101577682484
28427,7.82957552535974
28428,6.56163338935624
28429,6.23742822821277
28430,6.09933455967468
28431,6.01375526676025
28432,22.6260297941708
28433,12.7474339428441
28434,6.72379638454855
28435,4.74990282488053
28436,3.51020060132022
28437,3.22218849512528
28438,3.12011612612803
28439,3.04623188666699
28440,126.503475764881
28441,57.4199853319247
28442,28.8814871766066
28443,21.9389532758922
28444,19.4252182503251
28445,22.6260297941708
28446,12.7474339428441
28447,6.72379638454855
28448,4.74990282488053
28449,3.51020060132022
28450,3.22218849512528
28451,3.12011612612803
28452,3.04623188666699
28453,24.2136249982959
28454,13.8929830159353
28455,7.56995301039496
28456,5.51414273251744
28457,4.23604294634684
28458,3.95826472829493
28459,3.84763618574195
28460,3.78438709205258
28461,24.2136249982959
28462,13.8929830159353
28463,7.56995301039496
28464,5.51414273251744
28465,4.23604294634684
28466,3.95826472829493
28467,3.84763618574195
28468,3.78438709205258
28469,22.1747283873959
28470,12.4249677571169
28471,6.57748985949333
28472,4.63815341250557
28473,3.42937039123848
28474,3.12903934548496
28475,3.02141548049434
28476,2.97478154136729
28477,26.7625920371518
28478,16.3280093389551
28479,9.90101577682484
28480,7.82957552535974
28481,6.56163338935624
28482,6.23742822821277
28483,6.09933455967468
28484,6.01375526676025
28485,24.5222585291227
28486,13.9833305273991
28487,7.59977034450347
28488,5.50234241257195
28489,4.19515569473415
28490,3.86186715489693
28491,3.73945024181551
28492,3.65786273756978
28493,26.7625920371518
28494,16.3280093389551
28495,9.90101577682484
28496,7.82957552535974
28497,6.56163338935624
28498,6.23742822821277
28499,6.09933455967468
28500,6.01375526676025
28501,26.7625920371518
28502,16.3280093389551
28503,9.90101577682484
28504,7.82957552535974
28505,6.56163338935624
28506,6.23742822821277
28507,6.09933455967468
28508,6.01375526676025
28509,26.7625920371518
28510,16.3280093389551
28511,9.90101577682484
28512,7.82957552535974
28513,6.56163338935624
28514,6.23742822821277
28515,6.09933455967468
28516,6.01375526676025
28517,24.5222585291227
28518,13.9833305273991
28519,7.59977034450347
28520,5.50234241257195
28521,4.19515569473415
28522,3.86186715489693
28523,3.73945024181551
28524,3.65786273756978
28525,24.5222585291227
28526,13.9833305273991
28527,7.59977034450347
28528,5.50234241257195
28529,4.19515569473415
28530,3.86186715489693
28531,3.73945024181551
28532,3.65786273756978
28533,24.5222585291227
28534,13.9833305273991
28535,7.59977034450347
28536,5.50234241257195
28537,4.19515569473415
28538,3.86186715489693
28539,3.73945024181551
28540,3.65786273756978
28541,26.7234193895214
28542,16.143691754968
28543,9.61206666134122
28544,7.48045554542989
28545,6.18022618959295
28546,5.86755653509906
28547,5.69399062994721
28548,5.63664837393211
28549,22.6260297941708
28550,12.7474339428441
28551,6.72379638454855
28552,4.74990282488053
28553,3.51020060132022
28554,3.22218849512528
28555,3.12011612612803
28556,3.04623188666699
28557,24.2901791805059
28558,13.9324834498643
28559,7.6722627363381
28560,5.61975605490777
28561,4.3507575859068
28562,4.02131456127751
28563,3.90394869362584
28564,3.83163546092023
28565,22.1747283873959
28566,12.4249677571169
28567,6.57748985949333
28568,4.63815341250557
28569,3.42937039123848
28570,3.12903934548496
28571,3.02141548049434
28572,2.97478154136729
28573,30.9672709042085
28574,7.06643698226049
28575,2.68273816448781
28576,24.2901791805059
28577,13.9324834498643
28578,7.6722627363381
28579,5.61975605490777
28580,4.3507575859068
28581,4.02131456127751
28582,3.90394869362584
28583,3.83163546092023
28584,26.7625920371518
28585,16.3280093389551
28586,9.90101577682484
28587,7.82957552535974
28588,6.56163338935624
28589,6.23742822821277
28590,6.09933455967468
28591,6.01375526676025
28592,26.7625920371518
28593,16.3280093389551
28594,9.90101577682484
28595,7.82957552535974
28596,6.56163338935624
28597,6.23742822821277
28598,6.09933455967468
28599,6.01375526676025
28600,24.5222585291227
28601,13.9833305273991
28602,7.59977034450347
28603,5.50234241257195
28604,4.19515569473415
28605,3.86186715489693
28606,3.73945024181551
28607,3.65786273756978
28608,22.1747283873959
28609,12.4249677571169
28610,6.57748985949333
28611,4.63815341250557
28612,3.42937039123848
28613,3.12903934548496
28614,3.02141548049434
28615,2.97478154136729
28616,21.3997683842419
28617,11.8085618428963
28618,6.03272181528933
28619,4.12991684802924
28620,2.9379857272029
28621,2.61018401235611
28622,2.48847603026307
28623,2.44162692340168
28624,26.7625920371518
28625,16.3280093389551
28626,9.90101577682484
28627,7.82957552535974
28628,6.56163338935624
28629,6.23742822821277
28630,6.09933455967468
28631,6.01375526676025
28632,26.7625920371518
28633,16.3280093389551
28634,9.90101577682484
28635,7.82957552535974
28636,6.56163338935624
28637,6.23742822821277
28638,6.09933455967468
28639,6.01375526676025
28640,26.7234193895214
28641,16.143691754968
28642,9.61206666134122
28643,7.48045554542989
28644,6.18022618959295
28645,5.86755653509906
28646,5.69399062994721
28647,5.63664837393211
28648,26.7234193895214
28649,16.143691754968
28650,9.61206666134122
28651,7.48045554542989
28652,6.18022618959295
28653,5.86755653509906
28654,5.69399062994721
28655,5.63664837393211
28656,26.7234193895214
28657,16.143691754968
28658,9.61206666134122
28659,7.48045554542989
28660,6.18022618959295
28661,5.86755653509906
28662,5.69399062994721
28663,5.63664837393211
28664,26.7234193895214
28665,16.143691754968
28666,9.61206666134122
28667,7.48045554542989
28668,6.18022618959295
28669,5.86755653509906
28670,5.69399062994721
28671,5.63664837393211
28672,22.6260297941708
28673,12.7474339428441
28674,6.72379638454855
28675,4.74990282488053
28676,3.51020060132022
28677,3.22218849512528
28678,3.12011612612803
28679,3.04623188666699
28680,26.7625920371518
28681,16.3280093389551
28682,9.90101577682484
28683,7.82957552535974
28684,6.56163338935624
28685,6.23742822821277
28686,6.09933455967468
28687,6.01375526676025
28688,24.2136249982959
28689,13.8929830159353
28690,7.56995301039496
28691,5.51414273251744
28692,4.23604294634684
28693,3.95826472829493
28694,3.84763618574195
28695,3.78438709205258
28696,24.5222585291227
28697,13.9833305273991
28698,7.59977034450347
28699,5.50234241257195
28700,4.19515569473415
28701,3.86186715489693
28702,3.73945024181551
28703,3.65786273756978
28704,26.7625920371518
28705,16.3280093389551
28706,9.90101577682484
28707,7.82957552535974
28708,6.56163338935624
28709,6.23742822821277
28710,6.09933455967468
28711,6.01375526676025
28712,26.7625920371518
28713,16.3280093389551
28714,9.90101577682484
28715,7.82957552535974
28716,6.56163338935624
28717,6.23742822821277
28718,6.09933455967468
28719,6.01375526676025
28720,206.284627000068
28721,88.9629753915675
28722,60.8356837171879
28723,53.9347588326943
28724,45.3251295875481
28725,39.7027700753154
28726,27.9353197533326
28727,20.245753182607
28728,18.372104028196
28729,19.0565349491781
28730,18.8998023410424
28731,18.000936416787
28732,15.5404916263152
28733,21.5402179428446
28734,11.9545178239482
28735,6.18274308853252
28736,4.28278940695766
28737,3.08655054349142
28738,2.77778804475034
28739,2.67345061970601
28740,2.62007477606389
28741,36.3778185341741
28742,21.5402179428446
28743,11.9545178239482
28744,6.18274308853252
28745,4.28278940695766
28746,3.08655054349142
28747,2.77778804475034
28748,2.67345061970601
28749,2.62007477606389
28750,162.375515458136
28751,126.542241969984
28752,86.2391344431364
28753,52.9749830802233
28754,34.4588717611202
28755,26.7234193895214
28756,16.143691754968
28757,9.61206666134122
28758,7.48045554542989
28759,6.18022618959295
28760,5.86755653509906
28761,5.69399062994721
28762,5.63664837393211
28763,26.7234193895214
28764,16.143691754968
28765,9.61206666134122
28766,7.48045554542989
28767,6.18022618959295
28768,5.86755653509906
28769,5.69399062994721
28770,5.63664837393211
28771,26.7234193895214
28772,16.143691754968
28773,9.61206666134122
28774,7.48045554542989
28775,6.18022618959295
28776,5.86755653509906
28777,5.69399062994721
28778,5.63664837393211
28779,26.7234193895214
28780,16.143691754968
28781,9.61206666134122
28782,7.48045554542989
28783,6.18022618959295
28784,5.86755653509906
28785,5.69399062994721
28786,5.63664837393211
28787,50.273081199474
28788,34.9837725439745
28789,17.6204338528365
28790,11.8321737249249
28791,7.36698459485328
28792,5.10902145574154
28793,4.63687204618721
28794,4.5304562047578
28795,46.2682528657255
28796,33.8074639009296
28797,20.5570731996832
28798,10.9613854416709
28799,7.64214064350112
28800,5.20283627871118
28801,4.71313997887622
28802,4.46496761027258
28803,23.6677719159234
28804,13.4730713844553
28805,7.35431232085649
28806,5.33720752530982
28807,4.07969190527036
28808,3.77259940659973
28809,3.64246097809706
28810,3.58003058385868
28811,21.5402179428446
28812,11.9545178239482
28813,6.18274308853252
28814,4.28278940695766
28815,3.08655054349142
28816,2.77778804475034
28817,2.67345061970601
28818,2.62007477606389
28819,21.5402179428446
28820,11.9545178239482
28821,6.18274308853252
28822,4.28278940695766
28823,3.08655054349142
28824,2.77778804475034
28825,2.67345061970601
28826,2.62007477606389
28827,21.5402179428446
28828,11.9545178239482
28829,6.18274308853252
28830,4.28278940695766
28831,3.08655054349142
28832,2.77778804475034
28833,2.67345061970601
28834,2.62007477606389
28835,85.7491756578358
28836,26.7625920371518
28837,16.3280093389551
28838,9.90101577682484
28839,7.82957552535974
28840,6.56163338935624
28841,6.23742822821277
28842,6.09933455967468
28843,6.01375526676025
28844,26.7625920371518
28845,16.3280093389551
28846,9.90101577682484
28847,7.82957552535974
28848,6.56163338935624
28849,6.23742822821277
28850,6.09933455967468
28851,6.01375526676025
28852,22.6260297941708
28853,12.7474339428441
28854,6.72379638454855
28855,4.74990282488053
28856,3.51020060132022
28857,3.22218849512528
28858,3.12011612612803
28859,3.04623188666699
28860,24.5222585291227
28861,13.9833305273991
28862,7.59977034450347
28863,5.50234241257195
28864,4.19515569473415
28865,3.86186715489693
28866,3.73945024181551
28867,3.65786273756978
28868,23.6677719159234
28869,13.4730713844553
28870,7.35431232085649
28871,5.33720752530982
28872,4.07969190527036
28873,3.77259940659973
28874,3.64246097809706
28875,3.58003058385868
28876,22.6260297941708
28877,12.7474339428441
28878,6.72379638454855
28879,4.74990282488053
28880,3.51020060132022
28881,3.22218849512528
28882,3.12011612612803
28883,3.04623188666699
28884,75.7458555798699
28885,41.6730426028627
28886,39.105010037934
28887,26.7625920371518
28888,16.3280093389551
28889,9.90101577682484
28890,7.82957552535974
28891,6.56163338935624
28892,6.23742822821277
28893,6.09933455967468
28894,6.01375526676025
28895,26.7625920371518
28896,16.3280093389551
28897,9.90101577682484
28898,7.82957552535974
28899,6.56163338935624
28900,6.23742822821277
28901,6.09933455967468
28902,6.01375526676025
28903,26.7625920371518
28904,16.3280093389551
28905,9.90101577682484
28906,7.82957552535974
28907,6.56163338935624
28908,6.23742822821277
28909,6.09933455967468
28910,6.01375526676025
28911,24.5222585291227
28912,13.9833305273991
28913,7.59977034450347
28914,5.50234241257195
28915,4.19515569473415
28916,3.86186715489693
28917,3.73945024181551
28918,3.65786273756978
28919,24.5222585291227
28920,13.9833305273991
28921,7.59977034450347
28922,5.50234241257195
28923,4.19515569473415
28924,3.86186715489693
28925,3.73945024181551
28926,3.65786273756978
28927,21.3556390072997
28928,11.7498768159808
28929,5.98280351570609
28930,4.08758001198021
28931,2.83751551326965
28932,2.52440856162536
28933,2.43186988074374
28934,2.38406811526705
28935,21.3556390072997
28936,11.7498768159808
28937,5.98280351570609
28938,4.08758001198021
28939,2.83751551326965
28940,2.52440856162536
28941,2.43186988074374
28942,2.38406811526705
28943,31.4456314532178
28944,35.0329356921897
28945,18.2064296015474
28946,16.2794304186401
28947,21.5402179428446
28948,11.9545178239482
28949,6.18274308853252
28950,4.28278940695766
28951,3.08655054349142
28952,2.77778804475034
28953,2.67345061970601
28954,2.62007477606389
28955,23.6677719159234
28956,13.4730713844553
28957,7.35431232085649
28958,5.33720752530982
28959,4.07969190527036
28960,3.77259940659973
28961,3.64246097809706
28962,3.58003058385868
28963,21.1701098635485
28964,11.6247263107491
28965,5.84383444123479
28966,3.88402311719144
28967,2.60454778583514
28968,2.32090883266896
28969,2.22538506334598
28970,2.1837670490029
28971,21.1701098635485
28972,11.6247263107491
28973,5.84383444123479
28974,3.88402311719144
28975,2.60454778583514
28976,2.32090883266896
28977,2.22538506334598
28978,2.1837670490029
28979,7.47071192610946
28980,6.84376888437233
28981,6.5015355342365
28982,6.43342404455328
28983,6.2627019541172
28984,22.1575398944906
28985,9.50677056906532
28986,7.52815474236411
28987,6.2502256475468
28988,13.6822624724344
28989,10.5704492354553
28990,9.24471784357039
28991,6.30441597057181
28992,21.5402179428446
28993,11.9545178239482
28994,6.18274308853252
28995,4.28278940695766
28996,3.08655054349142
28997,2.77778804475034
28998,2.67345061970601
28999,2.62007477606389
29000,21.5402179428446
29001,11.9545178239482
29002,6.18274308853252
29003,4.28278940695766
29004,3.08655054349142
29005,2.77778804475034
29006,2.67345061970601
29007,2.62007477606389
29008,29.8315729923201
29009,16.1102122793298
29010,9.47127535729077
29011,6.61102792869002
29012,5.31266913197506
29013,4.97922105457318
29014,25.2201043167176
29015,15.4124761300228
29016,9.58431023381071
29017,7.61884995742333
29018,6.29160034911094
29019,6.05894376834789
29020,5.8604709587276
29021,5.75719041473762
29022,29.8315729923201
29023,16.1102122793298
29024,9.47127535729077
29025,6.61102792869002
29026,5.31266913197506
29027,4.97922105457318
29028,29.8315729923201
29029,16.1102122793298
29030,9.47127535729077
29031,6.61102792869002
29032,5.31266913197506
29033,4.97922105457318
29034,26.7625920371518
29035,16.3280093389551
29036,9.90101577682484
29037,7.82957552535974
29038,6.56163338935624
29039,6.23742822821277
29040,6.09933455967468
29041,6.01375526676025
29042,26.7625920371518
29043,16.3280093389551
29044,9.90101577682484
29045,7.82957552535974
29046,6.56163338935624
29047,6.23742822821277
29048,6.09933455967468
29049,6.01375526676025
29050,29.8315729923201
29051,16.1102122793298
29052,9.47127535729077
29053,6.61102792869002
29054,5.31266913197506
29055,4.97922105457318
29056,26.7625920371518
29057,16.3280093389551
29058,9.90101577682484
29059,7.82957552535974
29060,6.56163338935624
29061,6.23742822821277
29062,6.09933455967468
29063,6.01375526676025
29064,24.2901791805059
29065,13.9324834498643
29066,7.6722627363381
29067,5.61975605490777
29068,4.3507575859068
29069,4.02131456127751
29070,3.90394869362584
29071,3.83163546092023
29072,26.7625920371518
29073,16.3280093389551
29074,9.90101577682484
29075,7.82957552535974
29076,6.56163338935624
29077,6.23742822821277
29078,6.09933455967468
29079,6.01375526676025
29080,26.7625920371518
29081,16.3280093389551
29082,9.90101577682484
29083,7.82957552535974
29084,6.56163338935624
29085,6.23742822821277
29086,6.09933455967468
29087,6.01375526676025
29088,29.8315729923201
29089,16.1102122793298
29090,9.47127535729077
29091,6.61102792869002
29092,5.31266913197506
29093,4.97922105457318
29094,26.7625920371518
29095,16.3280093389551
29096,9.90101577682484
29097,7.82957552535974
29098,6.56163338935624
29099,6.23742822821277
29100,6.09933455967468
29101,6.01375526676025
29102,24.2136249982959
29103,13.8929830159353
29104,7.56995301039496
29105,5.51414273251744
29106,4.23604294634684
29107,3.95826472829493
29108,3.84763618574195
29109,3.78438709205258
29110,26.7625920371518
29111,16.3280093389551
29112,9.90101577682484
29113,7.82957552535974
29114,6.56163338935624
29115,6.23742822821277
29116,6.09933455967468
29117,6.01375526676025
29118,26.7625920371518
29119,16.3280093389551
29120,9.90101577682484
29121,7.82957552535974
29122,6.56163338935624
29123,6.23742822821277
29124,6.09933455967468
29125,6.01375526676025
29126,29.8315729923201
29127,16.1102122793298
29128,9.47127535729077
29129,6.61102792869002
29130,5.31266913197506
29131,4.97922105457318
29132,26.7234193895214
29133,16.143691754968
29134,9.61206666134122
29135,7.48045554542989
29136,6.18022618959295
29137,5.86755653509906
29138,5.69399062994721
29139,5.63664837393211
29140,26.7625920371518
29141,16.3280093389551
29142,9.90101577682484
29143,7.82957552535974
29144,6.56163338935624
29145,6.23742822821277
29146,6.09933455967468
29147,6.01375526676025
29148,26.7625920371518
29149,16.3280093389551
29150,9.90101577682484
29151,7.82957552535974
29152,6.56163338935624
29153,6.23742822821277
29154,6.09933455967468
29155,6.01375526676025
29156,22.1747283873959
29157,12.4249677571169
29158,6.57748985949333
29159,4.63815341250557
29160,3.42937039123848
29161,3.12903934548496
29162,3.02141548049434
29163,2.97478154136729
29164,24.2136249982959
29165,13.8929830159353
29166,7.56995301039496
29167,5.51414273251744
29168,4.23604294634684
29169,3.95826472829493
29170,3.84763618574195
29171,3.78438709205258
29172,27.2986260669993
29173,16.167159860552
29174,9.39981465016791
29175,7.11137620192897
29176,5.71684723234677
29177,5.38782531001299
29178,5.26453987512583
29179,5.18924691261018
29180,26.7234193895214
29181,16.143691754968
29182,9.61206666134122
29183,7.48045554542989
29184,6.18022618959295
29185,5.86755653509906
29186,5.69399062994721
29187,5.63664837393211
29188,22.1747283873959
29189,12.4249677571169
29190,6.57748985949333
29191,4.63815341250557
29192,3.42937039123848
29193,3.12903934548496
29194,3.02141548049434
29195,2.97478154136729
29196,29.8315729923201
29197,16.1102122793298
29198,9.47127535729077
29199,6.61102792869002
29200,5.31266913197506
29201,4.97922105457318
29202,26.7625920371518
29203,16.3280093389551
29204,9.90101577682484
29205,7.82957552535974
29206,6.56163338935624
29207,6.23742822821277
29208,6.09933455967468
29209,6.01375526676025
29210,29.8315729923201
29211,16.1102122793298
29212,9.47127535729077
29213,6.61102792869002
29214,5.31266913197506
29215,4.97922105457318
29216,26.7234193895214
29217,16.143691754968
29218,9.61206666134122
29219,7.48045554542989
29220,6.18022618959295
29221,5.86755653509906
29222,5.69399062994721
29223,5.63664837393211
29224,26.7234193895214
29225,16.143691754968
29226,9.61206666134122
29227,7.48045554542989
29228,6.18022618959295
29229,5.86755653509906
29230,5.69399062994721
29231,5.63664837393211
29232,26.7625920371518
29233,16.3280093389551
29234,9.90101577682484
29235,7.82957552535974
29236,6.56163338935624
29237,6.23742822821277
29238,6.09933455967468
29239,6.01375526676025
29240,26.7625920371518
29241,16.3280093389551
29242,9.90101577682484
29243,7.82957552535974
29244,6.56163338935624
29245,6.23742822821277
29246,6.09933455967468
29247,6.01375526676025
29248,23.4505220259061
29249,13.582142547537
29250,7.66801076430156
29251,5.62986162161284
29252,4.5181071876791
29253,4.26916282760552
29254,4.08975428511649
29255,4.04758255451973
29256,26.7234193895214
29257,16.143691754968
29258,9.61206666134122
29259,7.48045554542989
29260,6.18022618959295
29261,5.86755653509906
29262,5.69399062994721
29263,5.63664837393211
29264,26.7234193895214
29265,16.143691754968
29266,9.61206666134122
29267,7.48045554542989
29268,6.18022618959295
29269,5.86755653509906
29270,5.69399062994721
29271,5.63664837393211
29272,26.7625920371518
29273,16.3280093389551
29274,9.90101577682484
29275,7.82957552535974
29276,6.56163338935624
29277,6.23742822821277
29278,6.09933455967468
29279,6.01375526676025
29280,25.7000947494998
29281,15.3065114823893
29282,8.99500563033206
29283,7.02496363345402
29284,5.83566371401452
29285,5.51602145104554
29286,5.43701101735357
29287,5.35693514863066
29288,25.7000947494998
29289,15.3065114823893
29290,8.99500563033206
29291,7.02496363345402
29292,5.83566371401452
29293,5.51602145104554
29294,5.43701101735357
29295,5.35693514863066
29296,24.5222585291227
29297,13.9833305273991
29298,7.59977034450347
29299,5.50234241257195
29300,4.19515569473415
29301,3.86186715489693
29302,3.73945024181551
29303,3.65786273756978
29304,24.5222585291227
29305,13.9833305273991
29306,7.59977034450347
29307,5.50234241257195
29308,4.19515569473415
29309,3.86186715489693
29310,3.73945024181551
29311,3.65786273756978
29312,33.8297272661443
29313,24.2901791805059
29314,13.9324834498643
29315,7.6722627363381
29316,5.61975605490777
29317,4.3507575859068
29318,4.02131456127751
29319,3.90394869362584
29320,3.83163546092023
29321,23.6677719159234
29322,13.4730713844553
29323,7.35431232085649
29324,5.33720752530982
29325,4.07969190527036
29326,3.77259940659973
29327,3.64246097809706
29328,3.58003058385868
29329,29.8315729923201
29330,16.1102122793298
29331,9.47127535729077
29332,6.61102792869002
29333,5.31266913197506
29334,4.97922105457318
29335,21.4514031433631
29336,11.83035881375
29337,6.07283221320268
29338,4.15939747616126
29339,2.95761117828888
29340,2.65007311169848
29341,2.51890156991467
29342,2.46035756420342
29343,21.4514031433631
29344,11.83035881375
29345,6.07283221320268
29346,4.15939747616126
29347,2.95761117828888
29348,2.65007311169848
29349,2.51890156991467
29350,2.46035756420342
29351,21.4514031433631
29352,11.83035881375
29353,6.07283221320268
29354,4.15939747616126
29355,2.95761117828888
29356,2.65007311169848
29357,2.51890156991467
29358,2.46035756420342
29359,21.5811054214194
29360,11.9967729811674
29361,6.22847349048808
29362,4.30188163378876
29363,3.07602197508895
29364,2.77246088880403
29365,2.68412859353427
29366,2.62487021730008
29367,21.4514031433631
29368,11.83035881375
29369,6.07283221320268
29370,4.15939747616126
29371,2.95761117828888
29372,2.65007311169848
29373,2.51890156991467
29374,2.46035756420342
29375,21.4514031433631
29376,11.83035881375
29377,6.07283221320268
29378,4.15939747616126
29379,2.95761117828888
29380,2.65007311169848
29381,2.51890156991467
29382,2.46035756420342
29383,21.4514031433631
29384,11.83035881375
29385,6.07283221320268
29386,4.15939747616126
29387,2.95761117828888
29388,2.65007311169848
29389,2.51890156991467
29390,2.46035756420342
29391,21.4514031433631
29392,11.83035881375
29393,6.07283221320268
29394,4.15939747616126
29395,2.95761117828888
29396,2.65007311169848
29397,2.51890156991467
29398,2.46035756420342
29399,22.6260297941708
29400,12.7474339428441
29401,6.72379638454855
29402,4.74990282488053
29403,3.51020060132022
29404,3.22218849512528
29405,3.12011612612803
29406,3.04623188666699
29407,24.5222585291227
29408,13.9833305273991
29409,7.59977034450347
29410,5.50234241257195
29411,4.19515569473415
29412,3.86186715489693
29413,3.73945024181551
29414,3.65786273756978
29415,180.635462111253
29416,79.7895747211675
29417,47.4605334982432
29418,49.4930650197521
29419,45.1698167785654
29420,26.7625920371518
29421,16.3280093389551
29422,9.90101577682484
29423,7.82957552535974
29424,6.56163338935624
29425,6.23742822821277
29426,6.09933455967468
29427,6.01375526676025
29428,23.6677719159234
29429,13.4730713844553
29430,7.35431232085649
29431,5.33720752530982
29432,4.07969190527036
29433,3.77259940659973
29434,3.64246097809706
29435,3.58003058385868
29436,22.6260297941708
29437,12.7474339428441
29438,6.72379638454855
29439,4.74990282488053
29440,3.51020060132022
29441,3.22218849512528
29442,3.12011612612803
29443,3.04623188666699
29444,21.5402179428446
29445,11.9545178239482
29446,6.18274308853252
29447,4.28278940695766
29448,3.08655054349142
29449,2.77778804475034
29450,2.67345061970601
29451,2.62007477606389
29452,24.5222585291227
29453,13.9833305273991
29454,7.59977034450347
29455,5.50234241257195
29456,4.19515569473415
29457,3.86186715489693
29458,3.73945024181551
29459,3.65786273756978
29460,21.5402179428446
29461,11.9545178239482
29462,6.18274308853252
29463,4.28278940695766
29464,3.08655054349142
29465,2.77778804475034
29466,2.67345061970601
29467,2.62007477606389
29468,26.7234193895214
29469,16.143691754968
29470,9.61206666134122
29471,7.48045554542989
29472,6.18022618959295
29473,5.86755653509906
29474,5.69399062994721
29475,5.63664837393211
29476,26.7234193895214
29477,16.143691754968
29478,9.61206666134122
29479,7.48045554542989
29480,6.18022618959295
29481,5.86755653509906
29482,5.69399062994721
29483,5.63664837393211
29484,21.5402179428446
29485,11.9545178239482
29486,6.18274308853252
29487,4.28278940695766
29488,3.08655054349142
29489,2.77778804475034
29490,2.67345061970601
29491,2.62007477606389
29492,22.6260297941708
29493,12.7474339428441
29494,6.72379638454855
29495,4.74990282488053
29496,3.51020060132022
29497,3.22218849512528
29498,3.12011612612803
29499,3.04623188666699
29500,24.7018923535286
29501,14.212939018764
29502,7.99859261589267
29503,5.91103328378272
29504,4.66080260604447
29505,4.37683593489885
29506,4.25771965785903
29507,4.17605732088712
29508,24.5222585291227
29509,13.9833305273991
29510,7.59977034450347
29511,5.50234241257195
29512,4.19515569473415
29513,3.86186715489693
29514,3.73945024181551
29515,3.65786273756978
29516,22.6260297941708
29517,12.7474339428441
29518,6.72379638454855
29519,4.74990282488053
29520,3.51020060132022
29521,3.22218849512528
29522,3.12011612612803
29523,3.04623188666699
29524,24.2136249982959
29525,13.8929830159353
29526,7.56995301039496
29527,5.51414273251744
29528,4.23604294634684
29529,3.95826472829493
29530,3.84763618574195
29531,3.78438709205258
29532,23.6677719159234
29533,13.4730713844553
29534,7.35431232085649
29535,5.33720752530982
29536,4.07969190527036
29537,3.77259940659973
29538,3.64246097809706
29539,3.58003058385868
29540,26.7625920371518
29541,16.3280093389551
29542,9.90101577682484
29543,7.82957552535974
29544,6.56163338935624
29545,6.23742822821277
29546,6.09933455967468
29547,6.01375526676025
29548,23.6677719159234
29549,13.4730713844553
29550,7.35431232085649
29551,5.33720752530982
29552,4.07969190527036
29553,3.77259940659973
29554,3.64246097809706
29555,3.58003058385868
29556,23.6677719159234
29557,13.4730713844553
29558,7.35431232085649
29559,5.33720752530982
29560,4.07969190527036
29561,3.77259940659973
29562,3.64246097809706
29563,3.58003058385868
29564,23.6677719159234
29565,13.4730713844553
29566,7.35431232085649
29567,5.33720752530982
29568,4.07969190527036
29569,3.77259940659973
29570,3.64246097809706
29571,3.58003058385868
29572,22.1747283873959
29573,12.4249677571169
29574,6.57748985949333
29575,4.63815341250557
29576,3.42937039123848
29577,3.12903934548496
29578,3.02141548049434
29579,2.97478154136729
29580,22.1747283873959
29581,12.4249677571169
29582,6.57748985949333
29583,4.63815341250557
29584,3.42937039123848
29585,3.12903934548496
29586,3.02141548049434
29587,2.97478154136729
29588,22.1747283873959
29589,12.4249677571169
29590,6.57748985949333
29591,4.63815341250557
29592,3.42937039123848
29593,3.12903934548496
29594,3.02141548049434
29595,2.97478154136729
29596,22.1747283873959
29597,12.4249677571169
29598,6.57748985949333
29599,4.63815341250557
29600,3.42937039123848
29601,3.12903934548496
29602,3.02141548049434
29603,2.97478154136729
29604,22.1747283873959
29605,12.4249677571169
29606,6.57748985949333
29607,4.63815341250557
29608,3.42937039123848
29609,3.12903934548496
29610,3.02141548049434
29611,2.97478154136729
29612,21.5402179428446
29613,11.9545178239482
29614,6.18274308853252
29615,4.28278940695766
29616,3.08655054349142
29617,2.77778804475034
29618,2.67345061970601
29619,2.62007477606389
29620,21.5402179428446
29621,11.9545178239482
29622,6.18274308853252
29623,4.28278940695766
29624,3.08655054349142
29625,2.77778804475034
29626,2.67345061970601
29627,2.62007477606389
29628,22.8552730242104
29629,14.2471910102062
29630,12.037357193155
29631,25.7000947494998
29632,15.3065114823893
29633,8.99500563033206
29634,7.02496363345402
29635,5.83566371401452
29636,5.51602145104554
29637,5.43701101735357
29638,5.35693514863066
29639,23.6677719159234
29640,13.4730713844553
29641,7.35431232085649
29642,5.33720752530982
29643,4.07969190527036
29644,3.77259940659973
29645,3.64246097809706
29646,3.58003058385868
29647,23.6677719159234
29648,13.4730713844553
29649,7.35431232085649
29650,5.33720752530982
29651,4.07969190527036
29652,3.77259940659973
29653,3.64246097809706
29654,3.58003058385868
29655,26.7625920371518
29656,16.3280093389551
29657,9.90101577682484
29658,7.82957552535974
29659,6.56163338935624
29660,6.23742822821277
29661,6.09933455967468
29662,6.01375526676025
29663,24.2136249982959
29664,13.8929830159353
29665,7.56995301039496
29666,5.51414273251744
29667,4.23604294634684
29668,3.95826472829493
29669,3.84763618574195
29670,3.78438709205258
29671,26.7625920371518
29672,16.3280093389551
29673,9.90101577682484
29674,7.82957552535974
29675,6.56163338935624
29676,6.23742822821277
29677,6.09933455967468
29678,6.01375526676025
29679,24.9307754148603
29680,14.5275044221937
29681,8.07609013114248
29682,6.03045160920204
29683,4.68776836222145
29684,4.44634185290089
29685,4.30140865226344
29686,4.2517046861084
29687,26.7625920371518
29688,16.3280093389551
29689,9.90101577682484
29690,7.82957552535974
29691,6.56163338935624
29692,6.23742822821277
29693,6.09933455967468
29694,6.01375526676025
29695,3.34568470274118
29696,23.7160377261656
29697,26.7234193895214
29698,16.143691754968
29699,9.61206666134122
29700,7.48045554542989
29701,6.18022618959295
29702,5.86755653509906
29703,5.69399062994721
29704,5.63664837393211
29705,26.7234193895214
29706,16.143691754968
29707,9.61206666134122
29708,7.48045554542989
29709,6.18022618959295
29710,5.86755653509906
29711,5.69399062994721
29712,5.63664837393211
29713,107.931220664181
29714,67.8825821773878
29715,59.4572244509606
29716,53.0165183829189
29717,32.6948014356131
29718,21.5811054214194
29719,11.9967729811674
29720,6.22847349048808
29721,4.30188163378876
29722,3.07602197508895
29723,2.77246088880403
29724,2.68412859353427
29725,2.62487021730008
29726,21.5402179428446
29727,11.9545178239482
29728,6.18274308853252
29729,4.28278940695766
29730,3.08655054349142
29731,2.77778804475034
29732,2.67345061970601
29733,2.62007477606389
29734,24.2136249982959
29735,13.8929830159353
29736,7.56995301039496
29737,5.51414273251744
29738,4.23604294634684
29739,3.95826472829493
29740,3.84763618574195
29741,3.78438709205258
29742,21.3556390072997
29743,11.7498768159808
29744,5.98280351570609
29745,4.08758001198021
29746,2.83751551326965
29747,2.52440856162536
29748,2.43186988074374
29749,2.38406811526705
29750,26.7625920371518
29751,16.3280093389551
29752,9.90101577682484
29753,7.82957552535974
29754,6.56163338935624
29755,6.23742822821277
29756,6.09933455967468
29757,6.01375526676025
29758,26.7234193895214
29759,16.143691754968
29760,9.61206666134122
29761,7.48045554542989
29762,6.18022618959295
29763,5.86755653509906
29764,5.69399062994721
29765,5.63664837393211
29766,26.7625920371518
29767,16.3280093389551
29768,9.90101577682484
29769,7.82957552535974
29770,6.56163338935624
29771,6.23742822821277
29772,6.09933455967468
29773,6.01375526676025
29774,26.7625920371518
29775,16.3280093389551
29776,9.90101577682484
29777,7.82957552535974
29778,6.56163338935624
29779,6.23742822821277
29780,6.09933455967468
29781,6.01375526676025
29782,26.7625920371518
29783,16.3280093389551
29784,9.90101577682484
29785,7.82957552535974
29786,6.56163338935624
29787,6.23742822821277
29788,6.09933455967468
29789,6.01375526676025
29790,23.6677719159234
29791,13.4730713844553
29792,7.35431232085649
29793,5.33720752530982
29794,4.07969190527036
29795,3.77259940659973
29796,3.64246097809706
29797,3.58003058385868
29798,21.5402179428446
29799,11.9545178239482
29800,6.18274308853252
29801,4.28278940695766
29802,3.08655054349142
29803,2.77778804475034
29804,2.67345061970601
29805,2.62007477606389
29806,21.3997683842419
29807,11.8085618428963
29808,6.03272181528933
29809,4.12991684802924
29810,2.9379857272029
29811,2.61018401235611
29812,2.48847603026307
29813,2.44162692340168
29814,21.5402179428446
29815,11.9545178239482
29816,6.18274308853252
29817,4.28278940695766
29818,3.08655054349142
29819,2.77778804475034
29820,2.67345061970601
29821,2.62007477606389
29822,21.5402179428446
29823,11.9545178239482
29824,6.18274308853252
29825,4.28278940695766
29826,3.08655054349142
29827,2.77778804475034
29828,2.67345061970601
29829,2.62007477606389
29830,21.5402179428446
29831,11.9545178239482
29832,6.18274308853252
29833,4.28278940695766
29834,3.08655054349142
29835,2.77778804475034
29836,2.67345061970601
29837,2.62007477606389
29838,21.5402179428446
29839,11.9545178239482
29840,6.18274308853252
29841,4.28278940695766
29842,3.08655054349142
29843,2.77778804475034
29844,2.67345061970601
29845,2.62007477606389
29846,26.7234193895214
29847,16.143691754968
29848,9.61206666134122
29849,7.48045554542989
29850,6.18022618959295
29851,5.86755653509906
29852,5.69399062994721
29853,5.63664837393211
29854,26.7234193895214
29855,16.143691754968
29856,9.61206666134122
29857,7.48045554542989
29858,6.18022618959295
29859,5.86755653509906
29860,5.69399062994721
29861,5.63664837393211
29862,23.6677719159234
29863,13.4730713844553
29864,7.35431232085649
29865,5.33720752530982
29866,4.07969190527036
29867,3.77259940659973
29868,3.64246097809706
29869,3.58003058385868
29870,22.6848953580449
29871,21.109585746029
29872,19.230358453725
29873,14.799953132276
29874,26.7625920371518
29875,16.3280093389551
29876,9.90101577682484
29877,7.82957552535974
29878,6.56163338935624
29879,6.23742822821277
29880,6.09933455967468
29881,6.01375526676025
29882,26.7625920371518
29883,16.3280093389551
29884,9.90101577682484
29885,7.82957552535974
29886,6.56163338935624
29887,6.23742822821277
29888,6.09933455967468
29889,6.01375526676025
29890,21.3556390072997
29891,11.7498768159808
29892,5.98280351570609
29893,4.08758001198021
29894,2.83751551326965
29895,2.52440856162536
29896,2.43186988074374
29897,2.38406811526705
29898,22.6260297941708
29899,12.7474339428441
29900,6.72379638454855
29901,4.74990282488053
29902,3.51020060132022
29903,3.22218849512528
29904,3.12011612612803
29905,3.04623188666699
29906,22.6260297941708
29907,12.7474339428441
29908,6.72379638454855
29909,4.74990282488053
29910,3.51020060132022
29911,3.22218849512528
29912,3.12011612612803
29913,3.04623188666699
29914,22.6260297941708
29915,12.7474339428441
29916,6.72379638454855
29917,4.74990282488053
29918,3.51020060132022
29919,3.22218849512528
29920,3.12011612612803
29921,3.04623188666699
29922,22.6260297941708
29923,12.7474339428441
29924,6.72379638454855
29925,4.74990282488053
29926,3.51020060132022
29927,3.22218849512528
29928,3.12011612612803
29929,3.04623188666699
29930,22.6260297941708
29931,12.7474339428441
29932,6.72379638454855
29933,4.74990282488053
29934,3.51020060132022
29935,3.22218849512528
29936,3.12011612612803
29937,3.04623188666699
29938,22.6260297941708
29939,12.7474339428441
29940,6.72379638454855
29941,4.74990282488053
29942,3.51020060132022
29943,3.22218849512528
29944,3.12011612612803
29945,3.04623188666699
29946,26.7625920371518
29947,16.3280093389551
29948,9.90101577682484
29949,7.82957552535974
29950,6.56163338935624
29951,6.23742822821277
29952,6.09933455967468
29953,6.01375526676025
29954,26.7234193895214
29955,16.143691754968
29956,9.61206666134122
29957,7.48045554542989
29958,6.18022618959295
29959,5.86755653509906
29960,5.69399062994721
29961,5.63664837393211
29962,21.394366777224
29963,19.3112860084854
29964,16.2375669349101
29965,26.7234193895214
29966,16.143691754968
29967,9.61206666134122
29968,7.48045554542989
29969,6.18022618959295
29970,5.86755653509906
29971,5.69399062994721
29972,5.63664837393211
29973,152.792579742462
29974,75.3762237731236
29975,40.273077836851
29976,26.9185668770791
29977,22.0132287183321
29978,26.7625920371518
29979,16.3280093389551
29980,9.90101577682484
29981,7.82957552535974
29982,6.56163338935624
29983,6.23742822821277
29984,6.09933455967468
29985,6.01375526676025
29986,21.5811054214194
29987,11.9967729811674
29988,6.22847349048808
29989,4.30188163378876
29990,3.07602197508895
29991,2.77246088880403
29992,2.68412859353427
29993,2.62487021730008
29994,24.2136249982959
29995,13.8929830159353
29996,7.56995301039496
29997,5.51414273251744
29998,4.23604294634684
29999,3.95826472829493
30000,3.84763618574195
30001,3.78438709205258
30002,24.2901791805059
30003,13.9324834498643
30004,7.6722627363381
30005,5.61975605490777
30006,4.3507575859068
30007,4.02131456127751
30008,3.90394869362584
30009,3.83163546092023
30010,26.7234193895214
30011,16.143691754968
30012,9.61206666134122
30013,7.48045554542989
30014,6.18022618959295
30015,5.86755653509906
30016,5.69399062994721
30017,5.63664837393211
30018,24.2901791805059
30019,13.9324834498643
30020,7.6722627363381
30021,5.61975605490777
30022,4.3507575859068
30023,4.02131456127751
30024,3.90394869362584
30025,3.83163546092023
30026,26.7625920371518
30027,16.3280093389551
30028,9.90101577682484
30029,7.82957552535974
30030,6.56163338935624
30031,6.23742822821277
30032,6.09933455967468
30033,6.01375526676025
30034,26.7625920371518
30035,16.3280093389551
30036,9.90101577682484
30037,7.82957552535974
30038,6.56163338935624
30039,6.23742822821277
30040,6.09933455967468
30041,6.01375526676025
30042,25.2201043167176
30043,15.4124761300228
30044,9.58431023381071
30045,7.61884995742333
30046,6.29160034911094
30047,6.05894376834789
30048,5.8604709587276
30049,5.75719041473762
30050,25.2201043167176
30051,15.4124761300228
30052,9.58431023381071
30053,7.61884995742333
30054,6.29160034911094
30055,6.05894376834789
30056,5.8604709587276
30057,5.75719041473762
30058,3.25320151949733
30059,21.5402179428446
30060,11.9545178239482
30061,6.18274308853252
30062,4.28278940695766
30063,3.08655054349142
30064,2.77778804475034
30065,2.67345061970601
30066,2.62007477606389
30067,21.5811054214194
30068,11.9967729811674
30069,6.22847349048808
30070,4.30188163378876
30071,3.07602197508895
30072,2.77246088880403
30073,2.68412859353427
30074,2.62487021730008
30075,95.1098704538626
30076,67.3397560014975
30077,52.7934921213412
30078,50.3224353191141
30079,23.2237745919684
30080,24.2901791805059
30081,13.9324834498643
30082,7.6722627363381
30083,5.61975605490777
30084,4.3507575859068
30085,4.02131456127751
30086,3.90394869362584
30087,3.83163546092023
30088,44.0380105417981
30089,30.5460079186281
30090,27.4019438692941
30091,12.3188196852783
30092,26.7625920371518
30093,16.3280093389551
30094,9.90101577682484
30095,7.82957552535974
30096,6.56163338935624
30097,6.23742822821277
30098,6.09933455967468
30099,6.01375526676025
30100,26.7625920371518
30101,16.3280093389551
30102,9.90101577682484
30103,7.82957552535974
30104,6.56163338935624
30105,6.23742822821277
30106,6.09933455967468
30107,6.01375526676025
30108,26.7625920371518
30109,16.3280093389551
30110,9.90101577682484
30111,7.82957552535974
30112,6.56163338935624
30113,6.23742822821277
30114,6.09933455967468
30115,6.01375526676025
30116,26.7625920371518
30117,16.3280093389551
30118,9.90101577682484
30119,7.82957552535974
30120,6.56163338935624
30121,6.23742822821277
30122,6.09933455967468
30123,6.01375526676025
30124,21.3997683842419
30125,11.8085618428963
30126,6.03272181528933
30127,4.12991684802924
30128,2.9379857272029
30129,2.61018401235611
30130,2.48847603026307
30131,2.44162692340168
30132,23.6677719159234
30133,13.4730713844553
30134,7.35431232085649
30135,5.33720752530982
30136,4.07969190527036
30137,3.77259940659973
30138,3.64246097809706
30139,3.58003058385868
30140,5.05229005100067
30141,9.8769783843359
30142,5.05229005100067
30143,5.05229005100067
30144,9.8769783843359
30145,5.05229005100067
30146,20.4904452698769
30147,13.5492115141674
30148,6.67254576622696
30149,6.39891360376905
30150,10.0140786443053
30151,7.75962378377444
30152,7.75962378377444
30153,58.5763879163925
30154,49.7667236525096
30155,31.0688641561272
30156,7.478053295702
30157,3.78603813699023
30158,4.11625212182493
30159,24.2136249982959
30160,13.8929830159353
30161,7.56995301039496
30162,5.51414273251744
30163,4.23604294634684
30164,3.95826472829493
30165,3.84763618574195
30166,3.78438709205258
30167,30.9303540726563
30168,12.4616394071417
30169,11.8224301987433
30170,6.63575150194925
30171,12.528494998136
30172,11.030038331033
30173,8.14856717334587
30174,7.95072410373319
30175,4.53387726120683
30176,11.068012583783
30177,17.1854584357019
30178,14.7391132407168
30179,31.5425392851871
30180,16.1061844517403
30181,10.9792644468014
30182,7.2041295162423
30183,7.49581447547022
30184,13.9794780413403
30185,7.64941424147336
30186,13.0372014143073
30187,13.8826996916828
30188,9.15262690297736
30189,61.8367055598523
30190,50.261516385256
30191,23.2066869041591
30192,20.8698245289113
30193,44.5432524866971
30194,24.2509410183364
30195,29.9424898139103
30196,19.7283076303903
30197,29.7542418518127
30198,19.4837169329097
30199,16.1890603024669
30200,4.92109344361415
30201,14.1927083159455
30202,61.0441251497296
30203,11.6024902296851
30204,66.3449907469687
30205,18.7277639169602
30206,14.3031193380024
30207,11.0236222174063
30208,7.20544056201606
30209,12.1472739981192
30210,6.89201040683507
30211,6.92850990435907
30212,5.77379407940739
30213,11.9223754391613
30214,14.2299974444152
30215,35.1095310056189
30216,27.1516963406385
30217,23.6677719159234
30218,13.4730713844553
30219,7.35431232085649
30220,5.33720752530982
30221,4.07969190527036
30222,3.77259940659973
30223,3.64246097809706
30224,3.58003058385868
30225,57.7539630680242
30226,37.6874109698288
30227,28.2512942911529
30228,19.4955621786225
30229,7.8895742770933
30230,6.61354781072446
30231,5.14383549806795
30232,5.66002705026934
30233,4.97960133724306
30234,15.1276504864847
30235,15.1276504864847
